 # Version ID :           13.0.4
 # Radial output at time:    200.000000000000     
# Radius_s   # alfa       # Vrel       # Cl         # Cd         # Cm         # L          # D          # Pos_RP x   # Pos_RP y   # Pos_RP z   # Secfrc_RPx # Secfrc_RPy # Secfrc_RPz # Secmom_RPx # Secmom_RPy # Secmom_RPz # Intmom_RPx # Intmom_RPy # Intmom_RPz 
  0.00000E+00  5.79549E+01  7.92052E+00  0.00000E+00  3.50000E-01  0.00000E+00  0.00000E+00  6.99335E+01 -1.25163E+00  3.49327E-01  3.92618E+00 -1.97951E-02  6.70521E-02 -1.68982E-03 -4.69599E-03  2.49545E-03  1.54030E-01 -3.26429E+04  3.64899E+03  5.59984E+02
  1.20380E-01  5.74859E+01  7.95038E+00  0.00000E+00  3.50001E-01 -5.53188E-06  0.00000E+00  7.04726E+01 -1.25548E+00  3.51328E-01  4.04648E+00 -2.05005E-02  6.74030E-02 -1.71869E-03 -4.70786E-03  2.50601E-03  1.54435E-01 -3.25900E+04  3.64208E+03  5.61777E+02
  4.81024E-01  5.60942E+01  8.04025E+00  0.00000E+00  3.50004E-01 -2.20722E-05  0.00000E+00  7.21080E+01 -1.26704E+00  3.57344E-01  4.40688E+00 -2.26461E-02  6.84358E-02 -1.80596E-03 -4.74133E-03  2.53661E-03  1.55578E-01 -3.24315E+04  3.62138E+03  5.67148E+02
  1.08045E+00  5.38287E+01  8.19255E+00  0.00000E+00  3.50007E-01 -4.94584E-05  0.00000E+00  7.49227E+01 -1.28624E+00  3.67404E-01  5.00589E+00 -2.63244E-02  7.01186E-02 -1.95408E-03 -4.79202E-03  2.58508E-03  1.57317E-01 -3.21681E+04  3.58697E+03  5.76075E+02
  1.91620E+00  5.07778E+01  8.41454E+00  0.00000E+00  3.50011E-01 -8.74418E-05  0.00000E+00  7.91216E+01 -1.31300E+00  3.81563E-01  5.84107E+00 -3.17042E-02  7.24594E-02 -2.16906E-03 -4.85677E-03  2.65114E-03  1.59553E-01 -3.18010E+04  3.53897E+03  5.88521E+02
  2.98483E+00  4.71023E+01  8.71747E+00  7.13796E-03  3.52162E-01 -1.83650E-03  1.73416E+00  8.55574E+01 -1.35010E+00  4.00576E-01  6.89744E+00 -3.77359E-02  7.67429E-02 -3.09871E-03 -6.26575E-03  3.54760E-03  1.64164E-01 -3.13366E+04  3.47831E+03  6.05751E+02
  4.28196E+00  4.28578E+01  9.11710E+00  3.85734E-02  3.57173E-01 -8.26242E-03  1.02723E+01  9.51170E+01 -1.40138E+00  4.26592E-01  8.19545E+00 -4.12009E-02  8.62799E-02 -3.32369E-03 -6.49330E-03  3.72664E-03  1.77231E-01 -3.07660E+04  3.40384E+03  6.29565E+02
  5.80225E+00  3.79456E+01  9.62680E+00  1.99905E-01  3.65588E-01 -3.55021E-02  5.97758E+01  1.09319E+02 -1.47156E+00  4.58623E-01  9.70778E+00 -1.76987E-02  1.23276E-01 -3.68221E-03 -9.95150E-03  5.88997E-03  2.45021E-01 -3.01014E+04  3.31725E+03  6.61920E+02
  7.53945E+00  3.29428E+01  1.02806E+01  4.14934E-01  3.50242E-01 -5.82518E-02  1.42639E+02  1.20400E+02 -1.55532E+00  4.95564E-01  1.14386E+01  2.47137E-02  1.84982E-01 -3.61573E-03 -1.67299E-02  9.75759E-03  3.84852E-01 -2.93411E+04  3.21817E+03  7.00280E+02
  9.48644E+00  2.71962E+01  1.10914E+01  8.77300E-01  2.86848E-01 -6.72496E-02  3.54756E+02  1.15993E+02 -1.65706E+00  5.36549E-01  1.33814E+01  1.47858E-01  3.42694E-01 -2.25611E-03 -3.72853E-02  2.16296E-02  8.41897E-01 -2.84884E+04  3.10727E+03  7.46072E+02
  1.16352E+01  2.07998E+01  1.20054E+01  1.53989E+00  2.15153E-01 -5.52114E-02  7.39963E+02  1.03388E+02 -1.77544E+00  5.79166E-01  1.55268E+01  3.31318E-01  6.69668E-01 -2.66275E-03 -8.11270E-02  4.74369E-02  1.83576E+00 -2.75484E+04  2.98560E+03  7.97468E+02
  1.39769E+01  1.62478E+01  1.30786E+01  1.84924E+00  1.52210E-01 -8.11301E-02  1.07062E+03  8.81223E+01 -1.90186E+00  6.19958E-01  1.78671E+01  4.38316E-01  9.80738E-01 -5.37547E-03 -1.13395E-01  6.51783E-02  2.64534E+00 -2.65266E+04  2.85445E+03  8.49679E+02
  1.65020E+01  1.39154E+01  1.43378E+01  1.81228E+00  1.10862E-01 -1.05267E-01  1.27984E+03  7.82907E+01 -2.03305E+00  6.56860E-01  2.03916E+01  4.77717E-01  1.18990E+00 -6.33304E-03 -1.28828E-01  6.83069E-02  3.11620E+00 -2.54304E+04  2.71546E+03  9.01358E+02
  1.91999E+01  1.19013E+01  1.57228E+01  1.77996E+00  8.00828E-02 -1.27095E-01  1.53513E+03  6.90674E+01 -2.16718E+00  6.89560E-01  2.30925E+01  5.16314E-01  1.44732E+00 -8.33033E-03 -1.38401E-01  7.06169E-02  3.69099E+00 -2.42662E+04  2.56998E+03  9.51677E+02
  2.20598E+01  1.03179E+01  1.72433E+01  1.73555E+00  5.08602E-02 -1.44264E-01  1.81147E+03  5.30850E+01 -2.27627E+00  7.14518E-01  2.59636E+01  5.54631E-01  1.72526E+00 -1.05787E-02 -1.23083E-01  6.57443E-02  4.26901E+00 -2.30406E+04  2.41870E+03  9.88095E+02
  2.50697E+01  9.12010E+00  1.88842E+01  1.65883E+00  2.82263E-02 -1.51332E-01  2.08848E+03  3.55373E+01 -2.36035E+00  7.35422E-01  2.89872E+01  5.87070E-01  2.00453E+00 -1.58003E-02 -9.14842E-02  6.50986E-02  4.85966E+00 -2.17654E+04  2.26361E+03  1.01079E+03
  2.82175E+01  8.31367E+00  2.06204E+01  1.58037E+00  2.09238E-02 -1.51957E-01  2.33789E+03  3.09532E+01 -2.38308E+00  7.57601E-01  3.21528E+01  6.00024E-01  2.25962E+00 -2.79110E-02 -3.33704E-02  7.43927E-02  5.30530E+00 -2.04502E+04  2.10546E+03  1.00527E+03
  3.14900E+01  7.74139E+00  2.24458E+01  1.50150E+00  1.87860E-02 -1.49402E-01  2.58507E+03  3.23432E+01 -2.36255E+00  7.88479E-01  3.54369E+01  6.04556E-01  2.51324E+00 -4.22195E-02  1.19370E-02  9.32499E-02  5.72191E+00 -1.91096E+04  1.94666E+03  9.80278E+02
  3.48739E+01  7.43541E+00  2.43553E+01  1.44240E+00  1.81019E-02 -1.45886E-01  2.81594E+03  3.53395E+01 -2.29400E+00  8.31859E-01  3.88301E+01  6.04810E-01  2.74977E+00 -6.10958E-02  5.72211E-02  1.20333E-01  5.98234E+00 -1.77529E+04  1.78828E+03  9.35063E+02
  3.83552E+01  7.20787E+00  2.63385E+01  1.39358E+00  1.75382E-02 -1.42630E-01  3.05755E+03  3.84791E+01 -2.20338E+00  8.93995E-01  4.23131E+01  6.04494E-01  2.99637E+00 -8.00912E-02  7.43493E-02  1.51415E-01  6.22589E+00 -1.63930E+04  1.63241E+03  8.81202E+02
  4.19197E+01  7.01148E+00  2.83862E+01  1.34752E+00  1.67986E-02 -1.39461E-01  3.29509E+03  4.10776E+01 -2.11182E+00  9.77277E-01  4.58744E+01  6.03445E-01  3.23816E+00 -9.74825E-02  6.86921E-02  1.80524E-01  6.42183E+00 -1.50396E+04  1.48055E+03  8.27388E+02
  4.55526E+01  6.82102E+00  3.04835E+01  1.30135E+00  1.59380E-02 -1.36104E-01  3.52527E+03  4.31750E+01 -2.02412E+00  1.07670E+00  4.95065E+01  6.01586E-01  3.47208E+00 -1.10283E-01  7.21386E-02  1.96627E-01  6.58400E+00 -1.37015E+04  1.33364E+03  7.75443E+02
  4.92392E+01  6.64003E+00  3.26196E+01  1.25845E+00  1.49110E-02 -1.32580E-01  3.76011E+03  4.45525E+01 -1.94036E+00  1.18099E+00  5.31913E+01  5.99813E-01  3.71066E+00 -1.07890E-01  7.30796E-02  1.84573E-01  6.75427E+00 -1.23907E+04  1.19284E+03  7.25010E+02
  5.29642E+01  6.49061E+00  3.47854E+01  1.22335E+00  1.40799E-02 -1.29128E-01  3.99854E+03  4.60203E+01 -1.85509E+00  1.27727E+00  5.69158E+01  5.98034E-01  3.95230E+00 -1.10153E-01  8.16413E-02  1.80171E-01  6.90780E+00 -1.11172E+04  1.05887E+03  6.73827E+02
  5.67123E+01  6.34527E+00  3.69723E+01  1.19175E+00  1.35352E-02 -1.25750E-01  4.22639E+03  4.80010E+01 -1.76262E+00  1.38356E+00  6.06643E+01  5.95465E-01  4.18241E+00 -1.32394E-01  9.80932E-02  2.08079E-01  7.01455E+00 -9.89091E+03  9.32271E+02  6.21029E+02
  6.04681E+01  6.21868E+00  3.91699E+01  1.16503E+00  1.30571E-02 -1.22458E-01  4.45755E+03  4.99584E+01 -1.66654E+00  1.50752E+00  6.44192E+01  5.93102E-01  4.41525E+00 -1.61299E-01  1.08308E-01  2.45534E-01  7.11928E+00 -8.72116E+03  8.13700E+02  5.68409E+02
  6.42162E+01  6.10547E+00  4.13672E+01  1.14215E+00  1.24539E-02 -1.19240E-01  4.68253E+03  5.10583E+01 -1.56737E+00  1.64626E+00  6.81666E+01  5.90910E-01  4.64202E+00 -1.76738E-01  1.17811E-01  2.59085E-01  7.19873E+00 -7.61571E+03  7.03611E+02  5.16321E+02
  6.79412E+01  5.91654E+00  4.35562E+01  1.11189E+00  1.16483E-02 -1.15921E-01  4.86149E+03  5.09299E+01 -1.46792E+00  1.78346E+00  7.18918E+01  5.87129E-01  4.82330E+00 -1.66539E-01  1.24091E-01  2.33339E-01  7.19544E+00 -6.58150E+03  6.02475E+02  4.65558E+02
  7.16278E+01  5.74075E+00  4.57267E+01  1.08456E+00  1.10465E-02 -1.12874E-01  5.02671E+03  5.11985E+01 -1.36660E+00  1.91453E+00  7.55780E+01  5.82805E-01  4.98977E+00 -1.81548E-01  1.30825E-01  2.45257E-01  7.16075E+00 -5.62425E+03  5.10461E+02  4.16001E+02
  7.52608E+01  5.57791E+00  4.78671E+01  1.06010E+00  1.05992E-02 -1.10017E-01  5.17689E+03  5.17604E+01 -1.26337E+00  2.06109E+00  7.92080E+01  5.77825E-01  5.14036E+00 -2.13683E-01  1.37949E-01  2.79505E-01  7.09680E+00 -4.74766E+03  4.27514E+02  3.68458E+02
  7.88253E+01  5.47312E+00  4.99692E+01  1.04292E+00  1.01817E-02 -1.06980E-01  5.33053E+03  5.20406E+01 -1.15818E+00  2.22358E+00  8.27689E+01  5.73518E-01  5.29376E+00 -2.53737E-01  1.42098E-01  3.21987E-01  7.03887E+00 -3.95347E+03  3.53431E+02  3.23106E+02
  8.23066E+01  5.43401E+00  5.20232E+01  1.03415E+00  9.76377E-03 -1.03888E-01  5.49891E+03  5.19170E+01 -1.05402E+00  2.40160E+00  8.62463E+01  5.70496E-01  5.46200E+00 -2.86086E-01  1.44533E-01  3.51828E-01  7.00537E+00 -3.24267E+03  2.88061E+02  2.80621E+02
  8.56905E+01  5.48606E+00  5.40203E+01  1.03692E+00  9.46655E-03 -1.01275E-01  5.70334E+03  5.20686E+01 -9.51905E-01  2.58806E+00  8.96264E+01  5.69206E-01  5.66609E+00 -3.19733E-01  1.46773E-01  3.81206E-01  7.01677E+00 -2.61519E+03  2.31131E+02  2.40970E+02
  8.89630E+01  5.54819E+00  5.59529E+01  1.04220E+00  9.35735E-03 -1.00040E-01  5.89930E+03  5.29669E+01 -8.53293E-01  2.77974E+00  9.28956E+01  5.66641E-01  5.86159E+00 -3.53870E-01  1.45907E-01  4.07817E-01  6.98883E+00 -2.07003E+03  1.82282E+02  2.04347E+02
  9.21107E+01  5.59369E+00  5.78129E+01  1.04629E+00  9.39670E-03 -9.99140E-02  6.06081E+03  5.44318E+01 -7.58552E-01  2.98254E+00  9.60405E+01  5.61562E-01  6.02176E+00 -3.99431E-01  1.44802E-01  4.43386E-01  6.88801E+00 -1.60478E+03  1.41031E+02  1.71029E+02
  9.51207E+01  5.60687E+00  5.95900E+01  1.04774E+00  9.42636E-03 -9.99377E-02  6.17569E+03  5.55617E+01 -6.65605E-01  3.19402E+00  9.90448E+01  5.54063E-01  6.13467E+00 -4.48293E-01  1.44544E-01  4.78057E-01  6.72063E+00 -1.21606E+03  1.06799E+02  1.40813E+02
  9.79805E+01  5.51055E+00  6.12772E+01  1.03678E+00  9.36542E-03 -9.98179E-02  6.18213E+03  5.58444E+01 -5.74126E-01  3.41746E+00  1.01896E+02  5.41451E-01  6.13911E+00 -4.90004E-01  1.42456E-01  4.99852E-01  6.41990E+00 -8.98411E+02  7.89461E+01  1.13881E+02
  1.00678E+02  5.35584E+00  6.28682E+01  1.01913E+00  9.22785E-03 -9.95870E-02  6.11015E+03  5.53254E+01 -4.84530E-01  3.64351E+00  1.04584E+02  5.24699E-01  6.06580E+00 -5.17462E-01  1.37813E-01  5.03198E-01  6.03834E+00 -6.44788E+02  5.67753E+01  9.03516E+01
  1.03203E+02  5.17894E+00  6.43562E+01  9.98849E-01  9.06121E-03 -9.93066E-02  5.99309E+03  5.43673E+01 -3.99227E-01  3.86903E+00  1.07099E+02  5.04873E-01  5.94793E+00 -5.36031E-01  1.29305E-01  4.96552E-01  5.63165E+00 -4.47517E+02  3.95866E+01  7.03336E+01
  1.05545E+02  4.97178E+00  6.57346E+01  9.74692E-01  8.87902E-03 -9.89217E-02  5.82849E+03  5.30950E+01 -3.19456E-01  4.08611E+00  1.09431E+02  4.81644E-01  5.78430E+00 -5.32924E-01  1.19416E-01  4.69687E-01  5.20586E+00 -2.98517E+02  2.66489E+01  5.36238E+01
  1.07694E+02  4.74829E+00  6.69974E+01  9.48554E-01  8.72694E-03 -9.85243E-02  5.63383E+03  5.18326E+01 -2.45697E-01  4.29246E+00  1.11572E+02  4.55354E-01  5.58944E+00 -5.41768E-01  1.10242E-01  4.54546E-01  4.78222E+00 -1.89785E+02  1.72234E+01  3.99379E+01
  1.09641E+02  4.50189E+00  6.81380E+01  9.19649E-01  8.54536E-03 -9.80657E-02  5.41042E+03  5.02736E+01 -1.78341E-01  4.48625E+00  1.13510E+02  4.26413E-01  5.36749E+00 -5.32402E-01  1.00980E-01  4.25244E-01  4.36804E+00 -1.13674E+02  1.06107E+01  2.89430E+01
  1.11378E+02  4.22884E+00  6.91507E+01  8.87420E-01  8.36072E-03 -9.75300E-02  5.16217E+03  4.86347E+01 -1.17916E-01  4.66145E+00  1.15240E+02  3.94556E-01  5.12190E+00 -5.10675E-01  9.48644E-02  3.88423E-01  3.96905E+00 -6.30078E+01  6.18084E+00  2.02607E+01
  1.12898E+02  3.92610E+00  7.00048E+01  8.51573E-01  8.18423E-03 -9.69498E-02  4.89037E+03  4.69999E+01 -4.89103E-02  4.81710E+00  1.16762E+02  3.58793E-01  4.85157E+00 -5.01445E-01  1.51497E-01  3.59215E-01  3.58387E+00 -3.13969E+01  3.33477E+00  1.32852E+01
  1.14195E+02  3.57690E+00  7.07194E+01  8.09747E-01  8.01501E-03 -9.62303E-02  4.58759E+03  4.54087E+01  2.92494E-02  4.95164E+00  1.18057E+02  3.18222E-01  4.55185E+00 -4.76851E-01  1.71823E-01  3.24003E-01  3.20748E+00 -1.35391E+01  1.62590E+00  7.90679E+00
  1.15264E+02  3.16768E+00  7.12991E+01  7.60543E-01  7.82838E-03 -9.53750E-02  4.22782E+03  4.35177E+01  1.05694E-01  5.06251E+00  1.19122E+02  2.70626E-01  4.19646E+00 -4.39222E-01  1.67824E-01  2.82727E-01  2.80466E+00 -4.68789E+00  6.89850E-01  4.10007E+00
  1.16100E+02  2.72885E+00  7.17436E+01  7.07725E-01  7.62314E-03 -9.44192E-02  3.67865E+03  3.96239E+01  1.90754E-01  5.14813E+00  1.19953E+02  2.12316E-01  3.65312E+00 -3.79041E-01  1.38595E-01  2.20852E-01  2.20616E+00 -1.12479E+00  2.29093E-01  1.63329E+00
  1.16700E+02  2.49145E+00  7.20602E+01  6.79014E-01  7.42513E-03 -9.37727E-02  2.63304E+03  2.87927E+01  3.35607E-01  5.20660E+00  1.20543E+02  1.44263E-01  2.61545E+00 -2.68979E-01  7.37065E-02  1.14513E-01  1.15302E+00 -1.33900E-01  4.31159E-02  3.55114E-01
  1.17060E+02  2.26661E+00  7.22335E+01  6.51812E-01  7.21688E-03 -9.31218E-02  1.41647E+03  1.56832E+01  4.93012E-01  5.23930E+00  1.20894E+02  7.30755E-02  1.40736E+00 -1.43630E-01  2.19118E-02  3.37106E-02  3.41460E-01 -2.41496E-03  1.98532E-03  1.88828E-02
  1.17181E+02 -2.82128E+00  7.20944E+01  2.54849E-02  6.79685E-03 -8.05116E-02  4.05660E+01  1.08190E+01  5.45562E-01  5.25012E+00  1.21011E+02 -1.18348E-02  4.01544E-02 -3.19593E-03 -3.44738E-03 -5.29103E-03 -5.37117E-02  0.00000E+00  0.00000E+00  0.00000E+00
