# Element_num    Fx_n    Fy_n    Fz_n    Mx_n    My_n    Mz_n    Fx_n+1    Fy_n+1    Fz_n+1    Mx_n+1    My_n+1    Mz_n+1 
   1    0.000000e+00    0.000000e+00    0.000000e+00   -5.531003e-16   -1.451550e-17    1.159766e-15   -1.729379e+01    4.423760e+01   -1.163405e+00   -1.317157e+00    6.980724e-01    4.612297e+01
   2   -1.729379e+01    4.423760e+01   -1.163405e+00   -1.317157e+00    6.980724e-01    4.612297e+01   -1.911469e+01    4.483726e+01   -1.270053e+00   -1.363878e+00    7.249139e-01    4.611875e+01
   3   -1.911469e+01    4.483726e+01   -1.270053e+00   -1.363878e+00    7.249139e-01    4.611875e+01   -2.226290e+01    4.591225e+01   -1.456878e+00   -1.438653e+00    7.681296e-01    4.619135e+01
   4   -2.226290e+01    4.591225e+01   -1.456878e+00   -1.438653e+00    7.681296e-01    4.619135e+01   -2.696993e+01    4.759265e+01   -1.737521e+00   -1.536773e+00    8.252954e-01    4.645966e+01
   5   -2.696993e+01    4.759265e+01   -1.737521e+00   -1.536773e+00    8.252954e-01    4.645966e+01   -3.359815e+01    5.002973e+01   -2.126303e+00   -1.648679e+00    8.912804e-01    4.702202e+01
   6   -3.359815e+01    5.002973e+01   -2.126303e+00   -1.648679e+00    8.912804e-01    4.702202e+01   -3.749275e+01    5.795521e+01   -2.602410e+00   -1.865390e+00    1.021942e+00    4.963302e+01
   7   -3.749275e+01    5.795521e+01   -2.602410e+00   -1.865390e+00    1.021942e+00    4.963302e+01   -2.145693e+01    8.786551e+01   -2.850682e+00   -2.917746e+00    1.611062e+00    7.161887e+01
   8   -2.145693e+01    8.786551e+01   -2.850682e+00   -2.917746e+00    1.611062e+00    7.161887e+01    3.683652e+01    1.763614e+02   -2.477493e+00   -8.710166e+00    4.681839e+00    2.037720e+02
   9    3.683652e+01    1.763614e+02   -2.477493e+00   -8.710166e+00    4.681839e+00    2.037720e+02    1.088241e+02    3.286830e+02   -2.684899e+00   -1.745934e+01    9.018166e+00    3.963354e+02
  10    1.088241e+02    3.286830e+02   -2.684899e+00   -1.745934e+01    9.018166e+00    3.963354e+02    1.648094e+02    5.219513e+02   -3.859024e+00   -2.623190e+01    1.262733e+01    5.876059e+02
  11    1.648094e+02    5.219513e+02   -3.859024e+00   -2.623190e+01    1.262733e+01    5.876059e+02    1.857976e+02    6.522848e+02   -4.162204e+00   -2.815243e+01    1.208615e+01    6.373924e+02
  12    1.857976e+02    6.522848e+02   -4.162204e+00   -2.815243e+01    1.208615e+01    6.373924e+02    2.038568e+02    7.789914e+02   -2.620287e+00   -2.912809e+01    9.949972e+00    6.919030e+02
  13    2.038568e+02    7.789914e+02   -2.620287e+00   -2.912809e+01    9.949972e+00    6.919030e+02    2.123252e+02    9.144479e+02    9.730941e-01   -2.921655e+01    5.972858e+00    7.620462e+02
  14    2.123252e+02    9.144479e+02    9.730941e-01   -2.921655e+01    5.972858e+00    7.620462e+02    2.315252e+02    1.062485e+03    3.868359e+00   -2.480565e+01    2.446059e+00    8.128080e+02
  15    2.315252e+02    1.062485e+03    3.868359e+00   -2.480565e+01    2.446059e+00    8.128080e+02    2.435707e+02    1.216070e+03    5.747143e+00   -1.593413e+01   -8.908134e-01    8.637993e+02
  16    2.435707e+02    1.216070e+03    5.747143e+00   -1.593413e+01   -8.908134e-01    8.637993e+02    2.467656e+02    1.371040e+03    6.780963e+00   -6.904759e+00   -3.254645e+00    9.093260e+02
  17    2.467656e+02    1.371040e+03    6.780963e+00   -6.904759e+00   -3.254645e+00    9.093260e+02    2.434535e+02    1.526850e+03    7.648094e+00    8.984978e-03   -4.768648e+00    9.517175e+02
  18    2.434535e+02    1.526850e+03    7.648094e+00    8.984978e-03   -4.768648e+00    9.517175e+02    2.398349e+02    1.687310e+03    9.397291e+00    2.992480e+00   -5.953716e+00    9.926334e+02
  19    2.398349e+02    1.687310e+03    9.397291e+00    2.992480e+00   -5.953716e+00    9.926334e+02    2.359113e+02    1.857513e+03    1.088817e+01    5.215145e+00   -6.720617e+00    1.033536e+03
  20    2.359113e+02    1.857513e+03    1.088817e+01    5.215145e+00   -6.720617e+00    1.033536e+03    2.322247e+02    2.033610e+03    1.381388e+01    6.086356e+00   -7.999694e+00    1.075356e+03
  21    2.322247e+02    2.033610e+03    1.381388e+01    6.086356e+00   -7.999694e+00    1.075356e+03    2.285987e+02    2.213815e+03    2.292552e+01    5.329733e+00   -1.212348e+01    1.117566e+03
  22    2.285987e+02    2.213815e+03    2.292552e+01    5.329733e+00   -1.212348e+01    1.117566e+03    2.248463e+02    2.401094e+03    4.043020e+01    5.436249e+00   -2.012991e+01    1.165255e+03
  23    2.248463e+02    2.401094e+03    4.043020e+01    5.436249e+00   -2.012991e+01    1.165255e+03    2.212442e+02    2.593930e+03    6.125295e+01    6.510401e+00   -2.931855e+01    1.218061e+03
  24    2.212442e+02    2.593930e+03    6.125295e+01    6.510401e+00   -2.931855e+01    1.218061e+03    2.177077e+02    2.793407e+03    7.843542e+01    8.106553e+00   -3.647935e+01    1.276678e+03
  25    2.177077e+02    2.793407e+03    7.843542e+01    8.106553e+00   -3.647935e+01    1.276678e+03    2.140095e+02    2.999997e+03    9.213338e+01    1.011662e+01   -4.187225e+01    1.339922e+03
  26    2.140095e+02    2.999997e+03    9.213338e+01    1.011662e+01   -4.187225e+01    1.339922e+03    2.106090e+02    3.208394e+03    1.202874e+02    1.186438e+01   -5.346714e+01    1.405342e+03
  27    2.106090e+02    3.208394e+03    1.202874e+02    1.186438e+01   -5.346714e+01    1.405342e+03    2.076632e+02    3.416583e+03    1.566448e+02    1.351816e+01   -6.820869e+01    1.469780e+03
  28    2.076632e+02    3.416583e+03    1.566448e+02    1.351816e+01   -6.820869e+01    1.469780e+03    2.048308e+02    3.626765e+03    1.894090e+02    1.529983e+01   -8.102480e+01    1.534900e+03
  29    2.048308e+02    3.626765e+03    1.894090e+02    1.529983e+01   -8.102480e+01    1.534900e+03    2.018410e+02    3.840234e+03    2.158873e+02    1.718557e+01   -9.103092e+01    1.603203e+03
  30    2.018410e+02    3.840234e+03    2.158873e+02    1.718557e+01   -9.103092e+01    1.603203e+03    1.988176e+02    4.058682e+03    2.384139e+02    1.889898e+01   -9.973953e+01    1.682174e+03
  31    1.988176e+02    4.058682e+03    2.384139e+02    1.889898e+01   -9.973953e+01    1.682174e+03    1.948569e+02    4.292260e+03    2.676563e+02    2.038048e+01   -1.118097e+02    1.778194e+03
  32    1.948569e+02    4.292260e+03    2.676563e+02    2.038048e+01   -1.118097e+02    1.778194e+03    1.888857e+02    4.547082e+03    3.023260e+02    2.151662e+01   -1.258654e+02    1.879614e+03
  33    1.888857e+02    4.547082e+03    3.023260e+02    2.151662e+01   -1.258654e+02    1.879614e+03    1.817450e+02    4.809143e+03    3.390991e+02    2.227927e+01   -1.394867e+02    1.966276e+03
  34    1.817450e+02    4.809143e+03    3.390991e+02    2.227927e+01   -1.394867e+02    1.966276e+03    1.754714e+02    5.052454e+03    3.726632e+02    2.285751e+01   -1.494217e+02    2.015051e+03
  35    1.754714e+02    5.052454e+03    3.726632e+02    2.285751e+01   -1.494217e+02    2.015051e+03    1.733459e+02    5.248586e+03    3.989990e+02    2.350227e+01   -1.551097e+02    2.030162e+03
  36    1.733459e+02    5.248586e+03    3.989990e+02    2.350227e+01   -1.551097e+02    2.030162e+03    1.760019e+02    5.385507e+03    4.208958e+02    2.402215e+01   -1.578156e+02    2.009260e+03
  37    1.760019e+02    5.385507e+03    4.208958e+02    2.402215e+01   -1.578156e+02    2.009260e+03    1.823811e+02    5.465221e+03    4.413801e+02    2.421668e+01   -1.589430e+02    1.958044e+03
  38    1.823811e+02    5.465221e+03    4.413801e+02    2.421668e+01   -1.589430e+02    1.958044e+03    1.899531e+02    5.500285e+03    4.591269e+02    2.371764e+01   -1.584040e+02    1.887848e+03
  39    1.899531e+02    5.500285e+03    4.591269e+02    2.371764e+01   -1.584040e+02    1.887848e+03    1.963817e+02    5.496478e+03    4.750045e+02    2.196518e+01   -1.567500e+02    1.804740e+03
  40    1.963817e+02    5.496478e+03    4.750045e+02    2.196518e+01   -1.567500e+02    1.804740e+03    1.997853e+02    5.445204e+03    4.861560e+02    2.033464e+01   -1.531138e+02    1.706599e+03
  41    1.997853e+02    5.445204e+03    4.861560e+02    2.033464e+01   -1.531138e+02    1.706599e+03    1.979704e+02    5.342641e+03    4.878029e+02    2.054451e+01   -1.462840e+02    1.593832e+03
  42    1.979704e+02    5.342641e+03    4.878029e+02    2.054451e+01   -1.462840e+02    1.593832e+03    1.893749e+02    5.195287e+03    4.805747e+02    2.608217e+01   -1.370806e+02    1.471641e+03
  43    1.893749e+02    5.195287e+03    4.805747e+02    2.608217e+01   -1.370806e+02    1.471641e+03    1.736927e+02    5.002712e+03    4.670525e+02    4.091437e+01   -1.266284e+02    1.341131e+03
  44    1.736927e+02    5.002712e+03    4.670525e+02    4.091437e+01   -1.266284e+02    1.341131e+03    1.511512e+02    4.762366e+03    4.489349e+02    5.087028e+01   -1.149917e+02    1.202721e+03
  45    1.511512e+02    4.762366e+03    4.489349e+02    5.087028e+01   -1.149917e+02    1.202721e+03    1.222986e+02    4.468714e+03    4.256265e+02    4.999667e+01   -1.017412e+02    1.053830e+03
  46    1.222986e+02    4.468714e+03    4.256265e+02    4.999667e+01   -1.017412e+02    1.053830e+03    8.892677e+01    4.060727e+03    3.904650e+02    4.279709e+01   -8.437733e+01    8.677539e+02
  47    8.892677e+01    4.060727e+03    3.904650e+02    4.279709e+01   -8.437733e+01    8.677539e+02    5.444383e+01    3.369916e+03    3.266092e+02    2.951469e+01   -5.813933e+01    5.949550e+02
  48    5.444383e+01    3.369916e+03    3.266092e+02    2.951469e+01   -5.813933e+01    5.949550e+02    2.059686e+01    2.301069e+03    2.245252e+02    1.362181e+01   -2.694812e+01    2.749309e+02
  49    2.059686e+01    2.301069e+03    2.245252e+02    1.362181e+01   -2.694812e+01    2.749309e+02    0.000000e+00    0.000000e+00    0.000000e+00   -5.531003e-16   -1.451550e-17    1.159766e-15
