# Element_num    Fx_n    Fy_n    Fz_n    Mx_n    My_n    Mz_n    Fx_n+1    Fy_n+1    Fz_n+1    Mx_n+1    My_n+1    Mz_n+1 
   1    0.000000e+00    0.000000e+00    0.000000e+00    9.565777e+01   -5.148716e+03   -7.404533e+04   -2.299873e+01    8.141540e+01   -1.892268e+00    9.310723e+01   -5.147360e+03   -7.395601e+04
   2   -2.299873e+01    8.141540e+01   -1.892268e+00    9.310723e+01   -5.147360e+03   -7.395601e+04   -2.528999e+01    8.207896e+01   -2.047930e+00    9.302183e+01   -5.147303e+03   -7.395617e+04
   3   -2.528999e+01    8.207896e+01   -2.047930e+00    9.302183e+01   -5.147303e+03   -7.395617e+04   -2.917025e+01    8.325971e+01   -2.314570e+00    9.288722e+01   -5.147212e+03   -7.395631e+04
   4   -2.917025e+01    8.325971e+01   -2.314570e+00    9.288722e+01   -5.147212e+03   -7.395631e+04   -3.483144e+01    8.512177e+01   -2.702956e+00    9.271428e+01   -5.147091e+03   -7.395623e+04
   5   -3.483144e+01    8.512177e+01   -2.702956e+00    9.271428e+01   -5.147091e+03   -7.395623e+04   -4.257714e+01    8.786152e+01   -3.221015e+00    9.252224e+01   -5.146950e+03   -7.395573e+04
   6   -4.257714e+01    8.786152e+01   -3.221015e+00    9.252224e+01   -5.146950e+03   -7.395573e+04   -4.624944e+01    9.789205e+01   -3.857887e+00    9.227497e+01   -5.146757e+03   -7.395506e+04
   7   -4.624944e+01    9.789205e+01   -3.857887e+00    9.227497e+01   -5.146757e+03   -7.395506e+04   -2.862999e+01    1.306381e+02   -4.316364e+00    9.170735e+01   -5.146364e+03   -7.394795e+04
   8   -2.862999e+01    1.306381e+02   -4.316364e+00    9.170735e+01   -5.146364e+03   -7.394795e+04    1.940873e+01    1.980020e+02   -4.188463e+00    8.973772e+01   -5.145187e+03   -7.390594e+04
   9    1.940873e+01    1.980020e+02   -4.188463e+00    8.973772e+01   -5.145187e+03   -7.390594e+04    1.438314e+02    3.515774e+02   -2.845961e+00    8.187610e+01   -5.140521e+03   -7.372944e+04
  10    1.438314e+02    3.515774e+02   -2.845961e+00    8.187610e+01   -5.140521e+03   -7.372944e+04    3.701183e+02    7.138422e+02   -2.166451e+00    5.638055e+01   -5.125642e+03   -7.315255e+04
  11    3.701183e+02    7.138422e+02   -2.166451e+00    5.638055e+01   -5.125642e+03   -7.315255e+04    4.939072e+02    1.055441e+03   -4.876069e+00    3.959446e+01   -5.116486e+03   -7.274785e+04
  12    4.939072e+02    1.055441e+03   -4.876069e+00    3.959446e+01   -5.116486e+03   -7.274785e+04    5.367848e+02    1.276733e+03   -6.931164e+00    3.600743e+01   -5.115677e+03   -7.257911e+04
  13    5.367848e+02    1.276733e+03   -6.931164e+00    3.600743e+01   -5.115677e+03   -7.257911e+04    5.652813e+02    1.522426e+03   -8.499038e+00    3.577394e+01   -5.117282e+03   -7.239759e+04
  14    5.652813e+02    1.522426e+03   -8.499038e+00    3.577394e+01   -5.117282e+03   -7.239759e+04    6.036118e+02    1.810060e+03   -1.439012e+01    4.536652e+01   -5.117533e+03   -7.223248e+04
  15    6.036118e+02    1.810060e+03   -1.439012e+01    4.536652e+01   -5.117533e+03   -7.223248e+04    6.259110e+02    2.080278e+03   -2.445458e+01    6.652575e+01   -5.116696e+03   -7.206713e+04
  16    6.259110e+02    2.080278e+03   -2.445458e+01    6.652575e+01   -5.116696e+03   -7.206713e+04    6.345181e+02    2.339015e+03   -3.679651e+01    8.747787e+01   -5.113192e+03   -7.192825e+04
  17    6.345181e+02    2.339015e+03   -3.679651e+01    8.747787e+01   -5.113192e+03   -7.192825e+04    6.333476e+02    2.587950e+03   -5.329723e+01    1.030596e+02   -5.104550e+03   -7.181284e+04
  18    6.333476e+02    2.587950e+03   -5.329723e+01    1.030596e+02   -5.104550e+03   -7.181284e+04    6.306915e+02    2.829927e+03   -7.195747e+01    1.137801e+02   -5.093762e+03   -7.172530e+04
  19    6.306915e+02    2.829927e+03   -7.195747e+01    1.137801e+02   -5.093762e+03   -7.172530e+04    6.277120e+02    3.078081e+03   -9.437391e+01    1.213511e+02   -5.080585e+03   -7.165230e+04
  20    6.277120e+02    3.078081e+03   -9.437391e+01    1.213511e+02   -5.080585e+03   -7.165230e+04    6.249018e+02    3.328676e+03   -1.172653e+02    1.246869e+02   -5.067521e+03   -7.158586e+04
  21    6.249018e+02    3.328676e+03   -1.172653e+02    1.246869e+02   -5.067521e+03   -7.158586e+04    6.222399e+02    3.582698e+03   -1.322519e+02    1.243151e+02   -5.060471e+03   -7.151996e+04
  22    6.222399e+02    3.582698e+03   -1.322519e+02    1.243151e+02   -5.060471e+03   -7.151996e+04    6.197992e+02    3.845293e+03   -1.433364e+02    1.256933e+02   -5.056680e+03   -7.144641e+04
  23    6.197992e+02    3.845293e+03   -1.433364e+02    1.256933e+02   -5.056680e+03   -7.144641e+04    6.174643e+02    4.108243e+03   -1.555073e+02    1.294200e+02   -5.052780e+03   -7.137682e+04
  24    6.174643e+02    4.108243e+03   -1.555073e+02    1.294200e+02   -5.052780e+03   -7.137682e+04    6.150054e+02    4.372206e+03   -1.785344e+02    1.340704e+02   -5.042362e+03   -7.130847e+04
  25    6.150054e+02    4.372206e+03   -1.785344e+02    1.340704e+02   -5.042362e+03   -7.130847e+04    6.122555e+02    4.639025e+03   -2.142327e+02    1.393092e+02   -5.024939e+03   -7.124030e+04
  26    6.122555e+02    4.639025e+03   -2.142327e+02    1.393092e+02   -5.024939e+03   -7.124030e+04    6.101448e+02    4.905403e+03   -2.341200e+02    1.438130e+02   -5.017640e+03   -7.117346e+04
  27    6.101448e+02    4.905403e+03   -2.341200e+02    1.438130e+02   -5.017640e+03   -7.117346e+04    6.084048e+02    5.169772e+03   -2.522106e+02    1.479344e+02   -5.011632e+03   -7.110931e+04
  28    6.084048e+02    5.169772e+03   -2.522106e+02    1.479344e+02   -5.011632e+03   -7.110931e+04    6.064240e+02    5.430126e+03   -2.812947e+02    1.520243e+02   -4.999892e+03   -7.105091e+04
  29    6.064240e+02    5.430126e+03   -2.812947e+02    1.520243e+02   -4.999892e+03   -7.105091e+04    6.037866e+02    5.685758e+03   -3.253772e+02    1.559772e+02   -4.980763e+03   -7.099854e+04
  30    6.037866e+02    5.685758e+03   -3.253772e+02    1.559772e+02   -4.980763e+03   -7.099854e+04    6.006331e+02    5.934401e+03   -3.832069e+02    1.592861e+02   -4.955093e+03   -7.094713e+04
  31    6.006331e+02    5.934401e+03   -3.832069e+02    1.592861e+02   -4.955093e+03   -7.094713e+04    5.973636e+02    6.193425e+03   -4.382440e+02    1.620472e+02   -4.931428e+03   -7.088405e+04
  32    5.973636e+02    6.193425e+03   -4.382440e+02    1.620472e+02   -4.931428e+03   -7.088405e+04    5.929964e+02    6.470071e+03   -4.951516e+02    1.641047e+02   -4.908139e+03   -7.081978e+04
  33    5.929964e+02    6.470071e+03   -4.951516e+02    1.641047e+02   -4.908139e+03   -7.081978e+04    5.865379e+02    6.741090e+03   -5.567979e+02    1.652600e+02   -4.885038e+03   -7.077970e+04
  34    5.865379e+02    6.741090e+03   -5.567979e+02    1.652600e+02   -4.885038e+03   -7.077970e+04    5.776702e+02    6.977147e+03   -6.254338e+02    1.657070e+02   -4.862533e+03   -7.078807e+04
  35    5.776702e+02    6.977147e+03   -6.254338e+02    1.657070e+02   -4.862533e+03   -7.078807e+04    5.670486e+02    7.136306e+03   -6.978591e+02    1.656857e+02   -4.841541e+03   -7.084727e+04
  36    5.670486e+02    7.136306e+03   -6.978591e+02    1.656857e+02   -4.841541e+03   -7.084727e+04    5.545721e+02    7.204421e+03   -7.630880e+02    1.648438e+02   -4.827150e+03   -7.095911e+04
  37    5.545721e+02    7.204421e+03   -7.630880e+02    1.648438e+02   -4.827150e+03   -7.095911e+04    5.395154e+02    7.187604e+03   -8.122973e+02    1.629996e+02   -4.822369e+03   -7.111293e+04
  38    5.395154e+02    7.187604e+03   -8.122973e+02    1.629996e+02   -4.822369e+03   -7.111293e+04    5.208801e+02    7.105918e+03   -8.462860e+02    1.598492e+02   -4.825295e+03   -7.129019e+04
  39    5.208801e+02    7.105918e+03   -8.462860e+02    1.598492e+02   -4.825295e+03   -7.129019e+04    4.983176e+02    6.974753e+03   -8.637387e+02    1.548335e+02   -4.835009e+03   -7.147799e+04
  40    4.983176e+02    6.974753e+03   -8.637387e+02    1.548335e+02   -4.835009e+03   -7.147799e+04    4.714196e+02    6.793095e+03   -8.658678e+02    1.500134e+02   -4.850240e+03   -7.167407e+04
  41    4.714196e+02    6.793095e+03   -8.658678e+02    1.500134e+02   -4.850240e+03   -7.167407e+04    4.396718e+02    6.567202e+03   -8.573163e+02    1.482840e+02   -4.868722e+03   -7.187354e+04
  42    4.396718e+02    6.567202e+03   -8.573163e+02    1.482840e+02   -4.868722e+03   -7.187354e+04    4.023096e+02    6.307642e+03   -8.400040e+02    1.541598e+02   -4.889409e+03   -7.207016e+04
  43    4.023096e+02    6.307642e+03   -8.400040e+02    1.541598e+02   -4.889409e+03   -7.207016e+04    3.577377e+02    6.008242e+03   -8.115233e+02    1.708848e+02   -4.912915e+03   -7.226638e+04
  44    3.577377e+02    6.008242e+03   -8.115233e+02    1.708848e+02   -4.912915e+03   -7.226638e+04    3.046168e+02    5.656224e+03   -7.678765e+02    1.808010e+02   -4.939052e+03   -7.246716e+04
  45    3.046168e+02    5.656224e+03   -7.678765e+02    1.808010e+02   -4.939052e+03   -7.246716e+04    2.417655e+02    5.230159e+03   -7.072376e+02    1.763250e+02   -4.968214e+03   -7.268291e+04
  46    2.417655e+02    5.230159e+03   -7.072376e+02    1.763250e+02   -4.968214e+03   -7.268291e+04    1.709928e+02    4.651085e+03   -6.235861e+02    1.625823e+02   -5.004524e+03   -7.295151e+04
  47    1.709928e+02    4.651085e+03   -6.235861e+02    1.625823e+02   -5.004524e+03   -7.295151e+04    9.935376e+01    3.744539e+03   -4.973355e+02    1.399465e+02   -5.054301e+03   -7.332562e+04
  48    9.935376e+01    3.744539e+03   -4.973355e+02    1.399465e+02   -5.054301e+03   -7.332562e+04    3.314726e+01    2.438829e+03   -3.209511e+02    1.146250e+02   -5.108388e+03   -7.373694e+04
  49    3.314726e+01    2.438829e+03   -3.209511e+02    1.146250e+02   -5.108388e+03   -7.373694e+04    0.000000e+00    0.000000e+00    0.000000e+00    9.565777e+01   -5.148716e+03   -7.404533e+04
