# Element_num    Fx_n    Fy_n    Fz_n    Mx_n    My_n    Mz_n    Fx_n+1    Fy_n+1    Fz_n+1    Mx_n+1    My_n+1    Mz_n+1 
   1    0.000000e+00    0.000000e+00    0.000000e+00    0.000000e+00    0.000000e+00    0.000000e+00   -2.295210e+01    8.109845e+01   -1.891108e+00    0.000000e+00    0.000000e+00    0.000000e+00
   2   -2.295210e+01    8.109845e+01   -1.891108e+00    0.000000e+00    0.000000e+00    0.000000e+00   -2.523942e+01    8.176053e+01   -2.045970e+00    0.000000e+00    0.000000e+00    0.000000e+00
   3   -2.523942e+01    8.176053e+01   -2.045970e+00    0.000000e+00    0.000000e+00    0.000000e+00   -2.911376e+01    8.293895e+01   -2.311237e+00    0.000000e+00    0.000000e+00    0.000000e+00
   4   -2.911376e+01    8.293895e+01   -2.311237e+00    0.000000e+00    0.000000e+00    0.000000e+00   -3.476717e+01    8.479761e+01   -2.697724e+00    0.000000e+00    0.000000e+00    0.000000e+00
   5   -3.476717e+01    8.479761e+01   -2.697724e+00    0.000000e+00    0.000000e+00    0.000000e+00   -4.250338e+01    8.753268e+01   -3.213421e+00    0.000000e+00    0.000000e+00    0.000000e+00
   6   -4.250338e+01    8.753268e+01   -3.213421e+00    0.000000e+00    0.000000e+00    0.000000e+00   -4.617948e+01    9.753967e+01   -3.847434e+00    0.000000e+00    0.000000e+00    0.000000e+00
   7   -4.617948e+01    9.753967e+01   -3.847434e+00    0.000000e+00    0.000000e+00    0.000000e+00   -2.859912e+01    1.302320e+02   -4.302820e+00    0.000000e+00    0.000000e+00    0.000000e+00
   8   -2.859912e+01    1.302320e+02   -4.302820e+00    0.000000e+00    0.000000e+00    0.000000e+00    1.932331e+01    1.975359e+02   -4.173313e+00    0.000000e+00    0.000000e+00    0.000000e+00
   9    1.932331e+01    1.975359e+02   -4.173313e+00    0.000000e+00    0.000000e+00    0.000000e+00    1.443933e+02    3.520221e+02   -2.812875e+00    0.000000e+00    0.000000e+00    0.000000e+00
  10    1.443933e+02    3.520221e+02   -2.812875e+00    0.000000e+00    0.000000e+00    0.000000e+00    3.688273e+02    7.131262e+02   -2.133511e+00    0.000000e+00    0.000000e+00    0.000000e+00
  11    3.688273e+02    7.131262e+02   -2.133511e+00    0.000000e+00    0.000000e+00    0.000000e+00    4.919466e+02    1.053876e+03   -4.769081e+00    0.000000e+00    0.000000e+00    0.000000e+00
  12    4.919466e+02    1.053876e+03   -4.769081e+00    0.000000e+00    0.000000e+00    0.000000e+00    5.345046e+02    1.274636e+03   -6.792547e+00    0.000000e+00    0.000000e+00    0.000000e+00
  13    5.345046e+02    1.274636e+03   -6.792547e+00    0.000000e+00    0.000000e+00    0.000000e+00    5.629469e+02    1.520472e+03   -8.381489e+00    0.000000e+00    0.000000e+00    0.000000e+00
  14    5.629469e+02    1.520472e+03   -8.381489e+00    0.000000e+00    0.000000e+00    0.000000e+00    6.011151e+02    1.807772e+03   -1.434947e+01    0.000000e+00    0.000000e+00    0.000000e+00
  15    6.011151e+02    1.807772e+03   -1.434947e+01    0.000000e+00    0.000000e+00    0.000000e+00    6.232722e+02    2.077670e+03   -2.452151e+01    0.000000e+00    0.000000e+00    0.000000e+00
  16    6.232722e+02    2.077670e+03   -2.452151e+01    0.000000e+00    0.000000e+00    0.000000e+00    6.317664e+02    2.335611e+03   -3.692636e+01    0.000000e+00    0.000000e+00    0.000000e+00
  17    6.317664e+02    2.335611e+03   -3.692636e+01    0.000000e+00    0.000000e+00    0.000000e+00    6.304392e+02    2.581219e+03   -5.348241e+01    0.000000e+00    0.000000e+00    0.000000e+00
  18    6.304392e+02    2.581219e+03   -5.348241e+01    0.000000e+00    0.000000e+00    0.000000e+00    6.275712e+02    2.815418e+03   -7.156880e+01    0.000000e+00    0.000000e+00    0.000000e+00
  19    6.275712e+02    2.815418e+03   -7.156880e+01    0.000000e+00    0.000000e+00    0.000000e+00    6.244752e+02    3.058463e+03   -9.300448e+01    0.000000e+00    0.000000e+00    0.000000e+00
  20    6.244752e+02    3.058463e+03   -9.300448e+01    0.000000e+00    0.000000e+00    0.000000e+00    6.214636e+02    3.300531e+03   -1.146888e+02    0.000000e+00    0.000000e+00    0.000000e+00
  21    6.214636e+02    3.300531e+03   -1.146888e+02    0.000000e+00    0.000000e+00    0.000000e+00    6.185124e+02    3.540620e+03   -1.279513e+02    0.000000e+00    0.000000e+00    0.000000e+00
  22    6.185124e+02    3.540620e+03   -1.279513e+02    0.000000e+00    0.000000e+00    0.000000e+00    6.159061e+02    3.791580e+03   -1.371400e+02    0.000000e+00    0.000000e+00    0.000000e+00
  23    6.159061e+02    3.791580e+03   -1.371400e+02    0.000000e+00    0.000000e+00    0.000000e+00    6.133845e+02    4.042306e+03   -1.472327e+02    0.000000e+00    0.000000e+00    0.000000e+00
  24    6.133845e+02    4.042306e+03   -1.472327e+02    0.000000e+00    0.000000e+00    0.000000e+00    6.105868e+02    4.287109e+03   -1.674364e+02    0.000000e+00    0.000000e+00    0.000000e+00
  25    6.105868e+02    4.287109e+03   -1.674364e+02    0.000000e+00    0.000000e+00    0.000000e+00    6.075681e+02    4.534472e+03   -1.992004e+02    0.000000e+00    0.000000e+00    0.000000e+00
  26    6.075681e+02    4.534472e+03   -1.992004e+02    0.000000e+00    0.000000e+00    0.000000e+00    6.052527e+02    4.782597e+03   -2.154993e+02    0.000000e+00    0.000000e+00    0.000000e+00
  27    6.052527e+02    4.782597e+03   -2.154993e+02    0.000000e+00    0.000000e+00    0.000000e+00    6.026187e+02    4.997447e+03   -2.285147e+02    0.000000e+00    0.000000e+00    0.000000e+00
  28    6.026187e+02    4.997447e+03   -2.285147e+02    0.000000e+00    0.000000e+00    0.000000e+00    5.994840e+02    5.195998e+03   -2.507241e+02    0.000000e+00    0.000000e+00    0.000000e+00
  29    5.994840e+02    5.195998e+03   -2.507241e+02    0.000000e+00    0.000000e+00    0.000000e+00    5.954526e+02    5.377543e+03   -2.859013e+02    0.000000e+00    0.000000e+00    0.000000e+00
  30    5.954526e+02    5.377543e+03   -2.859013e+02    0.000000e+00    0.000000e+00    0.000000e+00    5.915611e+02    5.566777e+03   -3.337597e+02    0.000000e+00    0.000000e+00    0.000000e+00
  31    5.915611e+02    5.566777e+03   -3.337597e+02    0.000000e+00    0.000000e+00    0.000000e+00    5.884980e+02    5.772512e+03   -3.784142e+02    0.000000e+00    0.000000e+00    0.000000e+00
  32    5.884980e+02    5.772512e+03   -3.784142e+02    0.000000e+00    0.000000e+00    0.000000e+00    5.858498e+02    6.012532e+03   -4.251062e+02    0.000000e+00    0.000000e+00    0.000000e+00
  33    5.858498e+02    6.012532e+03   -4.251062e+02    0.000000e+00    0.000000e+00    0.000000e+00    5.816670e+02    6.250340e+03   -4.755036e+02    0.000000e+00    0.000000e+00    0.000000e+00
  34    5.816670e+02    6.250340e+03   -4.755036e+02    0.000000e+00    0.000000e+00    0.000000e+00    5.747552e+02    6.453756e+03   -5.315037e+02    0.000000e+00    0.000000e+00    0.000000e+00
  35    5.747552e+02    6.453756e+03   -5.315037e+02    0.000000e+00    0.000000e+00    0.000000e+00    5.647212e+02    6.583563e+03   -5.906838e+02    0.000000e+00    0.000000e+00    0.000000e+00
  36    5.647212e+02    6.583563e+03   -5.906838e+02    0.000000e+00    0.000000e+00    0.000000e+00    5.513957e+02    6.630943e+03   -6.436461e+02    0.000000e+00    0.000000e+00    0.000000e+00
  37    5.513957e+02    6.630943e+03   -6.436461e+02    0.000000e+00    0.000000e+00    0.000000e+00    5.347640e+02    6.601460e+03   -6.823830e+02    0.000000e+00    0.000000e+00    0.000000e+00
  38    5.347640e+02    6.601460e+03   -6.823830e+02    0.000000e+00    0.000000e+00    0.000000e+00    5.149252e+02    6.516606e+03   -7.082033e+02    0.000000e+00    0.000000e+00    0.000000e+00
  39    5.149252e+02    6.516606e+03   -7.082033e+02    0.000000e+00    0.000000e+00    0.000000e+00    4.921091e+02    6.393623e+03   -7.211369e+02    0.000000e+00    0.000000e+00    0.000000e+00
  40    4.921091e+02    6.393623e+03   -7.211369e+02    0.000000e+00    0.000000e+00    0.000000e+00    4.660963e+02    6.237714e+03   -7.231539e+02    0.000000e+00    0.000000e+00    0.000000e+00
  41    4.660963e+02    6.237714e+03   -7.231539e+02    0.000000e+00    0.000000e+00    0.000000e+00    4.360646e+02    6.038270e+03   -7.162679e+02    0.000000e+00    0.000000e+00    0.000000e+00
  42    4.360646e+02    6.038270e+03   -7.162679e+02    0.000000e+00    0.000000e+00    0.000000e+00    4.014525e+02    5.802912e+03   -7.016976e+02    0.000000e+00    0.000000e+00    0.000000e+00
  43    4.014525e+02    5.802912e+03   -7.016976e+02    0.000000e+00    0.000000e+00    0.000000e+00    3.607669e+02    5.527575e+03   -6.773179e+02    0.000000e+00    0.000000e+00    0.000000e+00
  44    3.607669e+02    5.527575e+03   -6.773179e+02    0.000000e+00    0.000000e+00    0.000000e+00    3.117722e+02    5.201342e+03   -6.400083e+02    0.000000e+00    0.000000e+00    0.000000e+00
  45    3.117722e+02    5.201342e+03   -6.400083e+02    0.000000e+00    0.000000e+00    0.000000e+00    2.524778e+02    4.802565e+03   -5.877100e+02    0.000000e+00    0.000000e+00    0.000000e+00
  46    2.524778e+02    4.802565e+03   -5.877100e+02    0.000000e+00    0.000000e+00    0.000000e+00    1.834769e+02    4.252940e+03   -5.145514e+02    0.000000e+00    0.000000e+00    0.000000e+00
  47    1.834769e+02    4.252940e+03   -5.145514e+02    0.000000e+00    0.000000e+00    0.000000e+00    1.112312e+02    3.399798e+03   -4.058171e+02    0.000000e+00    0.000000e+00    0.000000e+00
  48    1.112312e+02    3.399798e+03   -4.058171e+02    0.000000e+00    0.000000e+00    0.000000e+00    4.184620e+01    2.180668e+03   -2.569050e+02    0.000000e+00    0.000000e+00    0.000000e+00
  49    4.184620e+01    2.180668e+03   -2.569050e+02    0.000000e+00    0.000000e+00    0.000000e+00    0.000000e+00    0.000000e+00    0.000000e+00    0.000000e+00    0.000000e+00    0.000000e+00
