# Element_num    Fx_n    Fy_n    Fz_n    Mx_n    My_n    Mz_n    Fx_n+1    Fy_n+1    Fz_n+1    Mx_n+1    My_n+1    Mz_n+1 
   1    0.000000e+00    0.000000e+00    0.000000e+00   -3.156727e-17   -4.317825e-17   -1.567745e-15   -3.323161e+01    1.743903e+02   -3.598057e+00   -5.701435e+00    3.034305e+00    1.997248e+02
   2   -3.323161e+01    1.743903e+02   -3.598057e+00   -5.701435e+00    3.034305e+00    1.997248e+02   -3.638678e+01    1.751061e+02   -3.857538e+00   -5.884703e+00    3.165752e+00    1.992120e+02
   3   -3.638678e+01    1.751061e+02   -3.857538e+00   -5.884703e+00    3.165752e+00    1.992120e+02   -4.166815e+01    1.763954e+02   -4.293873e+00   -6.170190e+00    3.376007e+00    1.985649e+02
   4   -4.166815e+01    1.763954e+02   -4.293873e+00   -6.170190e+00    3.376007e+00    1.985649e+02   -4.922146e+01    1.784630e+02   -4.909973e+00   -6.528487e+00    3.650417e+00    1.981286e+02
   5   -4.922146e+01    1.784630e+02   -4.909973e+00   -6.528487e+00    3.650417e+00    1.981286e+02   -5.928062e+01    1.815567e+02   -5.697891e+00   -6.910691e+00    3.965039e+00    1.982399e+02
   6   -5.928062e+01    1.815567e+02   -5.697891e+00   -6.910691e+00    3.965039e+00    1.982399e+02   -6.212425e+01    1.975134e+02   -6.690662e+00   -7.280200e+00    4.325587e+00    1.952929e+02
   7   -6.212425e+01    1.975134e+02   -6.690662e+00   -7.280200e+00    4.325587e+00    1.952929e+02   -3.387655e+01    2.494311e+02   -7.551260e+00   -7.643907e+00    4.706993e+00    1.897722e+02
   8   -3.387655e+01    2.494311e+02   -7.551260e+00   -7.643907e+00    4.706993e+00    1.897722e+02    3.115686e+01    3.377764e+02   -7.556133e+00   -8.275266e+00    5.164614e+00    1.967479e+02
   9    3.115686e+01    3.377764e+02   -7.556133e+00   -8.275266e+00    5.164614e+00    1.967479e+02    1.496685e+02    4.794214e+02   -6.610606e+00   -1.013769e+01    6.411510e+00    2.354584e+02
  10    1.496685e+02    4.794214e+02   -6.610606e+00   -1.013769e+01    6.411510e+00    2.354584e+02    3.816001e+02    7.402724e+02   -3.946020e+00   -1.987454e+01    1.269697e+01    4.599809e+02
  11    3.816001e+02    7.402724e+02   -3.946020e+00   -1.987454e+01    1.269697e+01    4.599809e+02    6.090573e+02    1.055696e+03   -3.039045e+00   -3.317431e+01    2.140482e+01    7.870633e+02
  12    6.090573e+02    1.055696e+03   -3.039045e+00   -3.317431e+01    2.140482e+01    7.870633e+02    8.340974e+02    1.428664e+03   -4.070636e+00   -4.836166e+01    3.174576e+01    1.232163e+03
  13    8.340974e+02    1.428664e+03   -4.070636e+00   -4.836166e+01    3.174576e+01    1.232163e+03    9.949599e+02    1.811735e+03   -8.210178e+00   -6.134661e+01    4.175877e+01    1.780522e+03
  14    9.949599e+02    1.811735e+03   -8.210178e+00   -6.134661e+01    4.175877e+01    1.780522e+03    1.090873e+03    2.173358e+03   -2.194922e+01   -5.468685e+01    4.935884e+01    2.169464e+03
  15    1.090873e+03    2.173358e+03   -2.194922e+01   -5.468685e+01    4.935884e+01    2.169464e+03    1.177578e+03    2.562611e+03   -4.571344e+01   -2.886786e+01    5.863157e+01    2.543142e+03
  16    1.177578e+03    2.562611e+03   -4.571344e+01   -2.886786e+01    5.863157e+01    2.543142e+03    1.296432e+03    3.034830e+03   -7.447435e+01   -3.944134e+00    7.653319e+01    3.050069e+03
  17    1.296432e+03    3.034830e+03   -7.447435e+01   -3.944134e+00    7.653319e+01    3.050069e+03    1.461313e+03    3.623724e+03   -1.178840e+02    2.283137e+01    1.107181e+02    3.686470e+03
  18    1.461313e+03    3.623724e+03   -1.178840e+02    2.283137e+01    1.107181e+02    3.686470e+03    1.609715e+03    4.255613e+03   -1.725290e+02    5.205937e+01    1.523355e+02    4.243239e+03
  19    1.609715e+03    4.255613e+03   -1.725290e+02    5.205937e+01    1.523355e+02    4.243239e+03    1.675577e+03    4.756032e+03   -2.295222e+02    7.092564e+01    1.933231e+02    4.523711e+03
  20    1.675577e+03    4.756032e+03   -2.295222e+02    7.092564e+01    1.933231e+02    4.523711e+03    1.710796e+03    5.193502e+03   -2.863355e+02    8.103880e+01    2.331230e+02    4.712535e+03
  21    1.710796e+03    5.193502e+03   -2.863355e+02    8.103880e+01    2.331230e+02    4.712535e+03    1.747427e+03    5.662997e+03   -3.346168e+02    8.467298e+01    2.654977e+02    4.935414e+03
  22    1.747427e+03    5.662997e+03   -3.346168e+02    8.467298e+01    2.654977e+02    4.935414e+03    1.771945e+03    6.136127e+03   -3.791866e+02    9.138269e+01    2.916951e+02    5.147341e+03
  23    1.771945e+03    6.136127e+03   -3.791866e+02    9.138269e+01    2.916951e+02    5.147341e+03    1.776210e+03    6.553256e+03   -4.256082e+02    1.016069e+02    3.147850e+02    5.270908e+03
  24    1.776210e+03    6.553256e+03   -4.256082e+02    1.016069e+02    3.147850e+02    5.270908e+03    1.766035e+03    6.916921e+03   -4.895349e+02    1.122602e+02    3.485186e+02    5.329408e+03
  25    1.766035e+03    6.916921e+03   -4.895349e+02    1.122602e+02    3.485186e+02    5.329408e+03    1.748444e+03    7.251819e+03   -5.737246e+02    1.231207e+02    3.943569e+02    5.359844e+03
  26    1.748444e+03    7.251819e+03   -5.737246e+02    1.231207e+02    3.943569e+02    5.359844e+03    1.729876e+03    7.573692e+03   -6.345159e+02    1.319593e+02    4.203954e+02    5.377673e+03
  27    1.729876e+03    7.573692e+03   -6.345159e+02    1.319593e+02    4.203954e+02    5.377673e+03    1.710379e+03    7.881782e+03   -6.932425e+02    1.397064e+02    4.436033e+02    5.388209e+03
  28    1.710379e+03    7.881782e+03   -6.932425e+02    1.397064e+02    4.436033e+02    5.388209e+03    1.687493e+03    8.166237e+03   -7.698395e+02    1.468737e+02    4.767533e+02    5.379211e+03
  29    1.687493e+03    8.166237e+03   -7.698395e+02    1.468737e+02    4.767533e+02    5.379211e+03    1.661240e+03    8.427406e+03   -8.688325e+02    1.532072e+02    5.211201e+02    5.347642e+03
  30    1.661240e+03    8.427406e+03   -8.688325e+02    1.532072e+02    5.211201e+02    5.347642e+03    1.631032e+03    8.656910e+03   -9.847076e+02    1.576543e+02    5.726094e+02    5.295143e+03
  31    1.631032e+03    8.656910e+03   -9.847076e+02    1.576543e+02    5.726094e+02    5.295143e+03    1.601407e+03    8.880345e+03   -1.094276e+03    1.605431e+02    6.172151e+02    5.243811e+03
  32    1.601407e+03    8.880345e+03   -1.094276e+03    1.605431e+02    6.172151e+02    5.243811e+03    1.574089e+03    9.115473e+03   -1.205831e+03    1.619769e+02    6.589989e+02    5.193141e+03
  33    1.574089e+03    9.115473e+03   -1.205831e+03    1.619769e+02    6.589989e+02    5.193141e+03    1.543573e+03    9.323721e+03   -1.321330e+03    1.614028e+02    6.972064e+02    5.108257e+03
  34    1.543573e+03    9.323721e+03   -1.321330e+03    1.614028e+02    6.972064e+02    5.108257e+03    1.510785e+03    9.507533e+03   -1.447317e+03    1.598932e+02    7.340784e+02    4.989119e+03
  35    1.510785e+03    9.507533e+03   -1.447317e+03    1.598932e+02    7.340784e+02    4.989119e+03    1.468702e+03    9.605129e+03   -1.574336e+03    1.572001e+02    7.655669e+02    4.817427e+03
  36    1.468702e+03    9.605129e+03   -1.574336e+03    1.572001e+02    7.655669e+02    4.817427e+03    1.416422e+03    9.597172e+03   -1.684386e+03    1.525870e+02    7.827543e+02    4.588234e+03
  37    1.416422e+03    9.597172e+03   -1.684386e+03    1.525870e+02    7.827543e+02    4.588234e+03    1.356433e+03    9.496472e+03   -1.765709e+03    1.459902e+02    7.819530e+02    4.317710e+03
  38    1.356433e+03    9.496472e+03   -1.765709e+03    1.459902e+02    7.819530e+02    4.317710e+03    1.291642e+03    9.329876e+03   -1.820138e+03    1.372996e+02    7.671628e+02    4.029846e+03
  39    1.291642e+03    9.329876e+03   -1.820138e+03    1.372996e+02    7.671628e+02    4.029846e+03    1.224319e+03    9.119948e+03   -1.847062e+03    1.259901e+02    7.408616e+02    3.741548e+03
  40    1.224319e+03    9.119948e+03   -1.847062e+03    1.259901e+02    7.408616e+02    3.741548e+03    1.154139e+03    8.868603e+03   -1.848802e+03    1.153677e+02    7.055230e+02    3.456375e+03
  41    1.154139e+03    8.868603e+03   -1.848802e+03    1.153677e+02    7.055230e+02    3.456375e+03    1.079932e+03    8.576814e+03   -1.831983e+03    1.100363e+02    6.648342e+02    3.177426e+03
  42    1.079932e+03    8.576814e+03   -1.831983e+03    1.100363e+02    6.648342e+02    3.177426e+03    1.001451e+03    8.258807e+03   -1.803819e+03    1.169402e+02    6.218033e+02    2.911857e+03
  43    1.001451e+03    8.258807e+03   -1.803819e+03    1.169402e+02    6.218033e+02    2.911857e+03    9.167906e+02    7.916998e+03   -1.761190e+03    1.402248e+02    5.755473e+02    2.660227e+03
  44    9.167906e+02    7.916998e+03   -1.761190e+03    1.402248e+02    5.755473e+02    2.660227e+03    8.207325e+02    7.531326e+03   -1.691558e+03    1.548938e+02    5.251111e+02    2.413106e+03
  45    8.207325e+02    7.531326e+03   -1.691558e+03    1.548938e+02    5.251111e+02    2.413106e+03    7.033548e+02    7.053631e+03   -1.585989e+03    1.488357e+02    4.675805e+02    2.145553e+03
  46    7.033548e+02    7.053631e+03   -1.585989e+03    1.488357e+02    4.675805e+02    2.145553e+03    5.475928e+02    6.318662e+03   -1.415013e+03    1.261973e+02    3.856085e+02    1.770751e+03
  47    5.475928e+02    6.318662e+03   -1.415013e+03    1.261973e+02    3.856085e+02    1.770751e+03    3.583871e+02    5.061018e+03   -1.126142e+03    8.481520e+01    2.577505e+02    1.185354e+03
  48    3.583871e+02    5.061018e+03   -1.126142e+03    8.481520e+01    2.577505e+02    1.185354e+03    1.602720e+02    3.228403e+03   -7.126624e+02    3.664658e+01    1.113677e+02    5.127438e+02
  49    1.602720e+02    3.228403e+03   -7.126624e+02    3.664658e+01    1.113677e+02    5.127438e+02    0.000000e+00    0.000000e+00    0.000000e+00   -3.156727e-17   -4.317825e-17   -1.567745e-15
