# Element_num    Fx_n    Fy_n    Fz_n    Mx_n    My_n    Mz_n    Fx_n+1    Fy_n+1    Fz_n+1    Mx_n+1    My_n+1    Mz_n+1 
   1    0.000000e+00    0.000000e+00    0.000000e+00    0.000000e+00    0.000000e+00    0.000000e+00   -2.248167e+01    7.761387e+01   -1.816708e+00    0.000000e+00    0.000000e+00    0.000000e+00
   2   -2.248167e+01    7.761387e+01   -1.816708e+00    0.000000e+00    0.000000e+00    0.000000e+00   -2.473112e+01    7.826456e+01   -1.961573e+00    0.000000e+00    0.000000e+00    0.000000e+00
   3   -2.473112e+01    7.826456e+01   -1.961573e+00    0.000000e+00    0.000000e+00    0.000000e+00   -2.854608e+01    7.942422e+01   -2.209851e+00    0.000000e+00    0.000000e+00    0.000000e+00
   4   -2.854608e+01    7.942422e+01   -2.209851e+00    0.000000e+00    0.000000e+00    0.000000e+00   -3.412095e+01    8.125432e+01   -2.572015e+00    0.000000e+00    0.000000e+00    0.000000e+00
   5   -3.412095e+01    8.125432e+01   -2.572015e+00    0.000000e+00    0.000000e+00    0.000000e+00   -4.176334e+01    8.394743e+01   -3.055484e+00    0.000000e+00    0.000000e+00    0.000000e+00
   6   -4.176334e+01    8.394743e+01   -3.055484e+00    0.000000e+00    0.000000e+00    0.000000e+00   -4.547876e+01    9.370952e+01   -3.638733e+00    0.000000e+00    0.000000e+00    0.000000e+00
   7   -4.547876e+01    9.370952e+01   -3.638733e+00    0.000000e+00    0.000000e+00    0.000000e+00   -2.819655e+01    1.258961e+02   -3.980748e+00    0.000000e+00    0.000000e+00    0.000000e+00
   8   -2.819655e+01    1.258961e+02   -3.980748e+00    0.000000e+00    0.000000e+00    0.000000e+00    1.880826e+01    1.926443e+02   -3.622217e+00    0.000000e+00    0.000000e+00    0.000000e+00
   9    1.880826e+01    1.926443e+02   -3.622217e+00    0.000000e+00    0.000000e+00    0.000000e+00    1.513978e+02    3.576673e+02   -1.468952e+00    0.000000e+00    0.000000e+00    0.000000e+00
  10    1.513978e+02    3.576673e+02   -1.468952e+00    0.000000e+00    0.000000e+00    0.000000e+00    3.576847e+02    7.090238e+02    7.312271e-01    0.000000e+00    0.000000e+00    0.000000e+00
  11    3.576847e+02    7.090238e+02    7.312271e-01    0.000000e+00    0.000000e+00    0.000000e+00    4.694111e+02    1.029393e+03    1.213800e+00    0.000000e+00    0.000000e+00    0.000000e+00
  12    4.694111e+02    1.029393e+03    1.213800e+00    0.000000e+00    0.000000e+00    0.000000e+00    5.097122e+02    1.242018e+03    3.597178e+00    0.000000e+00    0.000000e+00    0.000000e+00
  13    5.097122e+02    1.242018e+03    3.597178e+00    0.000000e+00    0.000000e+00    0.000000e+00    5.381462e+02    1.484680e+03    8.995501e+00    0.000000e+00    0.000000e+00    0.000000e+00
  14    5.381462e+02    1.484680e+03    8.995501e+00    0.000000e+00    0.000000e+00    0.000000e+00    5.755924e+02    1.761779e+03    1.226431e+01    0.000000e+00    0.000000e+00    0.000000e+00
  15    5.755924e+02    1.761779e+03    1.226431e+01    0.000000e+00    0.000000e+00    0.000000e+00    5.977399e+02    2.023636e+03    1.311317e+01    0.000000e+00    0.000000e+00    0.000000e+00
  16    5.977399e+02    2.023636e+03    1.311317e+01    0.000000e+00    0.000000e+00    0.000000e+00    6.069971e+02    2.276575e+03    1.275737e+01    0.000000e+00    0.000000e+00    0.000000e+00
  17    6.069971e+02    2.276575e+03    1.275737e+01    0.000000e+00    0.000000e+00    0.000000e+00    6.064786e+02    2.519349e+03    1.261765e+01    0.000000e+00    0.000000e+00    0.000000e+00
  18    6.064786e+02    2.519349e+03    1.261765e+01    0.000000e+00    0.000000e+00    0.000000e+00    6.044253e+02    2.756116e+03    1.470875e+01    0.000000e+00    0.000000e+00    0.000000e+00
  19    6.044253e+02    2.756116e+03    1.470875e+01    0.000000e+00    0.000000e+00    0.000000e+00    6.021685e+02    2.999960e+03    1.646888e+01    0.000000e+00    0.000000e+00    0.000000e+00
  20    6.021685e+02    2.999960e+03    1.646888e+01    0.000000e+00    0.000000e+00    0.000000e+00    6.001050e+02    3.246576e+03    2.075513e+01    0.000000e+00    0.000000e+00    0.000000e+00
  21    6.001050e+02    3.246576e+03    2.075513e+01    0.000000e+00    0.000000e+00    0.000000e+00    5.980990e+02    3.496166e+03    3.507444e+01    0.000000e+00    0.000000e+00    0.000000e+00
  22    5.980990e+02    3.496166e+03    3.507444e+01    0.000000e+00    0.000000e+00    0.000000e+00    5.964278e+02    3.753690e+03    6.206293e+01    0.000000e+00    0.000000e+00    0.000000e+00
  23    5.964278e+02    3.753690e+03    6.206293e+01    0.000000e+00    0.000000e+00    0.000000e+00    5.949679e+02    4.012041e+03    9.338917e+01    0.000000e+00    0.000000e+00    0.000000e+00
  24    5.949679e+02    4.012041e+03    9.338917e+01    0.000000e+00    0.000000e+00    0.000000e+00    5.936508e+02    4.272942e+03    1.183240e+02    0.000000e+00    0.000000e+00    0.000000e+00
  25    5.936508e+02    4.272942e+03    1.183240e+02    0.000000e+00    0.000000e+00    0.000000e+00    5.924839e+02    4.539089e+03    1.373721e+02    0.000000e+00    0.000000e+00    0.000000e+00
  26    5.924839e+02    4.539089e+03    1.373721e+02    0.000000e+00    0.000000e+00    0.000000e+00    5.919138e+02    4.803699e+03    1.777627e+02    0.000000e+00    0.000000e+00    0.000000e+00
  27    5.919138e+02    4.803699e+03    1.777627e+02    0.000000e+00    0.000000e+00    0.000000e+00    5.919195e+02    5.064648e+03    2.295930e+02    0.000000e+00    0.000000e+00    0.000000e+00
  28    5.919195e+02    5.064648e+03    2.295930e+02    0.000000e+00    0.000000e+00    0.000000e+00    5.920930e+02    5.323499e+03    2.751166e+02    0.000000e+00    0.000000e+00    0.000000e+00
  29    5.920930e+02    5.323499e+03    2.751166e+02    0.000000e+00    0.000000e+00    0.000000e+00    5.921603e+02    5.580885e+03    3.105385e+02    0.000000e+00    0.000000e+00    0.000000e+00
  30    5.921603e+02    5.580885e+03    3.105385e+02    0.000000e+00    0.000000e+00    0.000000e+00    5.923203e+02    5.836221e+03    3.393868e+02    0.000000e+00    0.000000e+00    0.000000e+00
  31    5.923203e+02    5.836221e+03    3.393868e+02    0.000000e+00    0.000000e+00    0.000000e+00    5.927441e+02    6.103885e+03    3.770078e+02    0.000000e+00    0.000000e+00    0.000000e+00
  32    5.927441e+02    6.103885e+03    3.770078e+02    0.000000e+00    0.000000e+00    0.000000e+00    5.928418e+02    6.393115e+03    4.213185e+02    0.000000e+00    0.000000e+00    0.000000e+00
  33    5.928418e+02    6.393115e+03    4.213185e+02    0.000000e+00    0.000000e+00    0.000000e+00    5.918817e+02    6.681656e+03    4.672872e+02    0.000000e+00    0.000000e+00    0.000000e+00
  34    5.918817e+02    6.681656e+03    4.672872e+02    0.000000e+00    0.000000e+00    0.000000e+00    5.896269e+02    6.940796e+03    5.079911e+02    0.000000e+00    0.000000e+00    0.000000e+00
  35    5.896269e+02    6.940796e+03    5.079911e+02    0.000000e+00    0.000000e+00    0.000000e+00    5.864586e+02    7.128775e+03    5.378680e+02    0.000000e+00    0.000000e+00    0.000000e+00
  36    5.864586e+02    7.128775e+03    5.378680e+02    0.000000e+00    0.000000e+00    0.000000e+00    5.817038e+02    7.229171e+03    5.608544e+02    0.000000e+00    0.000000e+00    0.000000e+00
  37    5.817038e+02    7.229171e+03    5.608544e+02    0.000000e+00    0.000000e+00    0.000000e+00    5.739938e+02    7.244404e+03    5.809607e+02    0.000000e+00    0.000000e+00    0.000000e+00
  38    5.739938e+02    7.244404e+03    5.809607e+02    0.000000e+00    0.000000e+00    0.000000e+00    5.619825e+02    7.193510e+03    5.965267e+02    0.000000e+00    0.000000e+00    0.000000e+00
  39    5.619825e+02    7.193510e+03    5.965267e+02    0.000000e+00    0.000000e+00    0.000000e+00    5.450183e+02    7.090334e+03    6.091951e+02    0.000000e+00    0.000000e+00    0.000000e+00
  40    5.450183e+02    7.090334e+03    6.091951e+02    0.000000e+00    0.000000e+00    0.000000e+00    5.224896e+02    6.934061e+03    6.158892e+02    0.000000e+00    0.000000e+00    0.000000e+00
  41    5.224896e+02    6.934061e+03    6.158892e+02    0.000000e+00    0.000000e+00    0.000000e+00    4.937136e+02    6.729117e+03    6.112433e+02    0.000000e+00    0.000000e+00    0.000000e+00
  42    4.937136e+02    6.729117e+03    6.112433e+02    0.000000e+00    0.000000e+00    0.000000e+00    4.580135e+02    6.486557e+03    5.960929e+02    0.000000e+00    0.000000e+00    0.000000e+00
  43    4.580135e+02    6.486557e+03    5.960929e+02    0.000000e+00    0.000000e+00    0.000000e+00    4.140498e+02    6.201147e+03    5.728750e+02    0.000000e+00    0.000000e+00    0.000000e+00
  44    4.140498e+02    6.201147e+03    5.728750e+02    0.000000e+00    0.000000e+00    0.000000e+00    3.604775e+02    5.861903e+03    5.452076e+02    0.000000e+00    0.000000e+00    0.000000e+00
  45    3.604775e+02    5.861903e+03    5.452076e+02    0.000000e+00    0.000000e+00    0.000000e+00    2.961267e+02    5.449712e+03    5.120894e+02    0.000000e+00    0.000000e+00    0.000000e+00
  46    2.961267e+02    5.449712e+03    5.120894e+02    0.000000e+00    0.000000e+00    0.000000e+00    2.216298e+02    4.880407e+03    4.636230e+02    0.000000e+00    0.000000e+00    0.000000e+00
  47    2.216298e+02    4.880407e+03    4.636230e+02    0.000000e+00    0.000000e+00    0.000000e+00    1.419401e+02    3.967839e+03    3.806980e+02    0.000000e+00    0.000000e+00    0.000000e+00
  48    1.419401e+02    3.967839e+03    3.806980e+02    0.000000e+00    0.000000e+00    0.000000e+00    6.144181e+01    2.620545e+03    2.538158e+02    0.000000e+00    0.000000e+00    0.000000e+00
  49    6.144181e+01    2.620545e+03    2.538158e+02    0.000000e+00    0.000000e+00    0.000000e+00    0.000000e+00    0.000000e+00    0.000000e+00    0.000000e+00    0.000000e+00    0.000000e+00
