# Element_num    Fx_n    Fy_n    Fz_n    Mx_n    My_n    Mz_n    Fx_n+1    Fy_n+1    Fz_n+1    Mx_n+1    My_n+1    Mz_n+1 
   1    0.000000e+00    0.000000e+00    0.000000e+00    2.001482e-14   -2.275065e-17    1.264037e-13   -2.271259e+01    7.967923e+01   -1.860969e+00   -2.433937e+00    1.297817e+00    8.527282e+01
   2   -2.271259e+01    7.967923e+01   -1.860969e+00   -2.433937e+00    1.297817e+00    8.527282e+01   -2.497855e+01    8.033191e+01   -2.012539e+00   -2.512167e+00    1.348666e+00    8.501260e+01
   3   -2.497855e+01    8.033191e+01   -2.012539e+00   -2.512167e+00    1.348666e+00    8.501260e+01   -2.882329e+01    8.149846e+01   -2.272445e+00   -2.634816e+00    1.429767e+00    8.469637e+01
   4   -2.882329e+01    8.149846e+01   -2.272445e+00   -2.634816e+00    1.429767e+00    8.469637e+01   -3.443900e+01    8.334069e+01   -2.651376e+00   -2.790851e+00    1.535541e+00    8.451731e+01
   5   -3.443900e+01    8.334069e+01   -2.651376e+00   -2.790851e+00    1.535541e+00    8.451731e+01   -4.213075e+01    8.605295e+01   -3.157226e+00   -2.960967e+00    1.656247e+00    8.465430e+01
   6   -4.213075e+01    8.605295e+01   -3.157226e+00   -2.960967e+00    1.656247e+00    8.465430e+01   -4.532980e+01    9.579189e+01   -3.754979e+00   -3.196274e+00    1.832371e+00    8.533011e+01
   7   -4.532980e+01    9.579189e+01   -3.754979e+00   -3.196274e+00    1.832371e+00    8.533011e+01   -2.510376e+01    1.286253e+02   -4.077627e+00   -3.931531e+00    2.306333e+00    9.695565e+01
   8   -2.510376e+01    1.286253e+02   -4.077627e+00   -3.931531e+00    2.306333e+00    9.695565e+01    2.900394e+01    1.975081e+02   -3.662176e+00   -6.341286e+00    3.700526e+00    1.493542e+02
   9    2.900394e+01    1.975081e+02   -3.662176e+00   -6.341286e+00    3.700526e+00    1.493542e+02    1.797010e+02    3.784203e+02   -1.688579e+00   -1.850371e+01    1.067940e+01    4.241225e+02
  10    1.797010e+02    3.784203e+02   -1.688579e+00   -1.850371e+01    1.067940e+01    4.241225e+02    3.806408e+02    7.312712e+02   -1.362165e+00   -4.139580e+01    2.329889e+01    9.403251e+02
  11    3.806408e+02    7.312712e+02   -1.362165e+00   -4.139580e+01    2.329889e+01    9.403251e+02    4.686413e+02    9.946457e+02   -2.986942e+00   -5.231772e+01    2.828052e+01    1.208881e+03
  12    4.686413e+02    9.946457e+02   -2.986942e+00   -5.231772e+01    2.828052e+01    1.208881e+03    5.070518e+02    1.190741e+03   -3.796477e+00   -5.431833e+01    2.737494e+01    1.331301e+03
  13    5.070518e+02    1.190741e+03   -3.796477e+00   -5.431833e+01    2.737494e+01    1.331301e+03    5.381062e+02    1.424367e+03   -3.745327e+00   -5.392821e+01    2.425555e+01    1.476429e+03
  14    5.381062e+02    1.424367e+03   -3.745327e+00   -5.392821e+01    2.425555e+01    1.476429e+03    5.740141e+02    1.666395e+03   -7.151466e+00   -4.516504e+01    2.247834e+01    1.612596e+03
  15    5.740141e+02    1.666395e+03   -7.151466e+00   -4.516504e+01    2.247834e+01    1.612596e+03    5.970830e+02    1.903109e+03   -1.428266e+01   -2.636231e+01    2.135666e+01    1.743622e+03
  16    5.970830e+02    1.903109e+03   -1.428266e+01   -2.636231e+01    2.135666e+01    1.743622e+03    6.066260e+02    2.130115e+03   -2.356049e+01   -7.759920e+00    2.267529e+01    1.850284e+03
  17    6.066260e+02    2.130115e+03   -2.356049e+01   -7.759920e+00    2.267529e+01    1.850284e+03    6.054919e+02    2.343663e+03   -3.528428e+01    5.630755e+00    2.761769e+01    1.931057e+03
  18    6.054919e+02    2.343663e+03   -3.528428e+01    5.630755e+00    2.761769e+01    1.931057e+03    6.015276e+02    2.543767e+03   -4.778523e+01    1.421844e+01    3.387021e+01    1.982008e+03
  19    6.015276e+02    2.543767e+03   -4.778523e+01    1.421844e+01    3.387021e+01    1.982008e+03    5.970202e+02    2.744778e+03   -6.249491e+01    2.021423e+01    4.151775e+01    2.016569e+03
  20    5.970202e+02    2.744778e+03   -6.249491e+01    2.021423e+01    4.151775e+01    2.016569e+03    5.921533e+02    2.941467e+03   -7.579993e+01    2.252489e+01    4.804142e+01    2.040245e+03
  21    5.921533e+02    2.941467e+03   -7.579993e+01    2.252489e+01    4.804142e+01    2.040245e+03    5.870915e+02    3.135319e+03   -8.078464e+01    2.173367e+01    4.899217e+01    2.059373e+03
  22    5.870915e+02    3.135319e+03   -8.078464e+01    2.173367e+01    4.899217e+01    2.059373e+03    5.824084e+02    3.332046e+03   -8.128398e+01    2.236673e+01    4.689330e+01    2.082541e+03
  23    5.824084e+02    3.332046e+03   -8.128398e+01    2.236673e+01    4.689330e+01    2.082541e+03    5.774904e+02    3.522415e+03   -8.166505e+01    2.480609e+01    4.460615e+01    2.099388e+03
  24    5.774904e+02    3.522415e+03   -8.166505e+01    2.480609e+01    4.460615e+01    2.099388e+03    5.722740e+02    3.706048e+03   -9.020975e+01    2.787552e+01    4.709201e+01    2.111497e+03
  25    5.722740e+02    3.706048e+03   -9.020975e+01    2.787552e+01    4.709201e+01    2.111497e+03    5.667954e+02    3.883609e+03   -1.054426e+02    3.126981e+01    5.297725e+01    2.119320e+03
  26    5.667954e+02    3.883609e+03   -1.054426e+02    3.126981e+01    5.297725e+01    2.119320e+03    5.613234e+02    4.049809e+03   -1.058942e+02    3.386015e+01    5.075853e+01    2.120691e+03
  27    5.613234e+02    4.049809e+03   -1.058942e+02    3.386015e+01    5.075853e+01    2.120691e+03    5.552233e+02    4.199260e+03   -1.041888e+02    3.590403e+01    4.762395e+01    2.110784e+03
  28    5.552233e+02    4.199260e+03   -1.041888e+02    3.590403e+01    4.762395e+01    2.110784e+03    5.483939e+02    4.332647e+03   -1.089622e+02    3.773183e+01    4.780449e+01    2.090742e+03
  29    5.483939e+02    4.332647e+03   -1.089622e+02    3.773183e+01    4.780449e+01    2.090742e+03    5.408467e+02    4.450602e+03   -1.228917e+02    3.932667e+01    5.219214e+01    2.063249e+03
  30    5.408467e+02    4.450602e+03   -1.228917e+02    3.932667e+01    5.219214e+01    2.063249e+03    5.332009e+02    4.556611e+03   -1.455272e+02    4.045496e+01    6.038375e+01    2.038903e+03
  31    5.332009e+02    4.556611e+03   -1.455272e+02    4.045496e+01    6.038375e+01    2.038903e+03    5.274660e+02    4.673833e+03   -1.631921e+02    4.132187e+01    6.640005e+01    2.035262e+03
  32    5.274660e+02    4.673833e+03   -1.631921e+02    4.132187e+01    6.640005e+01    2.035262e+03    5.236698e+02    4.813996e+03   -1.797798e+02    4.191234e+01    7.180953e+01    2.044940e+03
  33    5.236698e+02    4.813996e+03   -1.797798e+02    4.191234e+01    7.180953e+01    2.044940e+03    5.196129e+02    4.956362e+03   -1.976903e+02    4.201533e+01    7.707872e+01    2.042902e+03
  34    5.196129e+02    4.956362e+03   -1.976903e+02    4.201533e+01    7.707872e+01    2.042902e+03    5.121595e+02    5.062158e+03   -2.186601e+02    4.148182e+01    8.210365e+01    1.997927e+03
  35    5.121595e+02    5.062158e+03   -2.186601e+02    4.148182e+01    8.210365e+01    1.997927e+03    4.995481e+02    5.091400e+03   -2.416709e+02    4.045872e+01    8.662866e+01    1.908679e+03
  36    4.995481e+02    5.091400e+03   -2.416709e+02    4.045872e+01    8.662866e+01    1.908679e+03    4.814461e+02    5.035739e+03   -2.602724e+02    3.868233e+01    8.815676e+01    1.777207e+03
  37    4.814461e+02    5.035739e+03   -2.602724e+02    3.868233e+01    8.815676e+01    1.777207e+03    4.588245e+02    4.908396e+03   -2.696795e+02    3.611548e+01    8.549040e+01    1.617444e+03
  38    4.588245e+02    4.908396e+03   -2.696795e+02    3.611548e+01    8.549040e+01    1.617444e+03    4.335317e+02    4.737760e+03   -2.720894e+02    3.283187e+01    8.025720e+01    1.449792e+03
  39    4.335317e+02    4.737760e+03   -2.720894e+02    3.283187e+01    8.025720e+01    1.449792e+03    4.071624e+02    4.546420e+03   -2.681409e+02    2.877694e+01    7.338422e+01    1.287951e+03
  40    4.071624e+02    4.546420e+03   -2.681409e+02    2.877694e+01    7.338422e+01    1.287951e+03    3.795137e+02    4.332887e+03   -2.596708e+02    2.504629e+01    6.559144e+01    1.131069e+03
  41    3.795137e+02    4.332887e+03   -2.596708e+02    2.504629e+01    6.559144e+01    1.131069e+03    3.506024e+02    4.100029e+03   -2.497181e+02    2.290413e+01    5.774268e+01    9.802132e+02
  42    3.506024e+02    4.100029e+03   -2.497181e+02    2.290413e+01    5.774268e+01    9.802132e+02    3.212042e+02    3.861364e+03   -2.390647e+02    2.408622e+01    5.005676e+01    8.408766e+02
  43    3.212042e+02    3.861364e+03   -2.390647e+02    2.408622e+01    5.005676e+01    8.408766e+02    2.907939e+02    3.613533e+03   -2.258259e+02    2.921756e+01    4.201429e+01    7.099112e+02
  44    2.907939e+02    3.613533e+03   -2.258259e+02    2.921756e+01    4.201429e+01    7.099112e+02    2.585330e+02    3.351149e+03   -2.086660e+02    3.069493e+01    3.397605e+01    5.836812e+02
  45    2.585330e+02    3.351149e+03   -2.086660e+02    3.069493e+01    3.397605e+01    5.836812e+02    2.229395e+02    3.064226e+03   -1.881094e+02    2.638024e+01    2.617070e+01    4.575750e+02
  46    2.229395e+02    3.064226e+03   -1.881094e+02    2.638024e+01    2.617070e+01    4.575750e+02    1.798402e+02    2.691940e+03   -1.619509e+02    1.880429e+01    1.776603e+01    3.161875e+02
  47    1.798402e+02    2.691940e+03   -1.619509e+02    1.880429e+01    1.776603e+01    3.161875e+02    1.250178e+02    2.116514e+03   -1.244722e+02    9.282904e+00    8.595150e+00    1.554747e+02
  48    1.250178e+02    2.116514e+03   -1.244722e+02    9.282904e+00    8.595150e+00    1.554747e+02    5.958574e+01    1.288995e+03   -7.400453e+01    1.029825e+00    9.445437e-01    1.728104e+01
  49    5.958574e+01    1.288995e+03   -7.400453e+01    1.029825e+00    9.445437e-01    1.728104e+01    0.000000e+00    0.000000e+00    0.000000e+00    2.001482e-14   -2.275065e-17    1.264037e-13
