# Element_num    Fx_n    Fy_n    Fz_n    Mx_n    My_n    Mz_n    Fx_n+1    Fy_n+1    Fz_n+1    Mx_n+1    My_n+1    Mz_n+1 
   1    0.000000e+00    0.000000e+00    0.000000e+00    0.000000e+00    0.000000e+00    0.000000e+00   -2.550887e+01    7.934365e+01   -1.931483e+00   -2.442290e+00    1.297509e+00    8.555561e+01
   2   -2.550887e+01    7.934365e+01   -1.931483e+00   -2.442290e+00    1.297509e+00    8.555561e+01   -2.781499e+01    7.991742e+01   -2.085135e+00   -2.519424e+00    1.348421e+00    8.528945e+01
   3   -2.781499e+01    7.991742e+01   -2.085135e+00   -2.519424e+00    1.348421e+00    8.528945e+01   -3.171347e+01    8.095242e+01   -2.347931e+00   -2.639822e+00    1.430061e+00    8.496196e+01
   4   -3.171347e+01    8.095242e+01   -2.347931e+00   -2.639822e+00    1.430061e+00    8.496196e+01   -3.738119e+01    8.261363e+01   -2.729662e+00   -2.791890e+00    1.537514e+00    8.476647e+01
   5   -3.738119e+01    8.261363e+01   -2.729662e+00   -2.791890e+00    1.537514e+00    8.476647e+01   -4.509981e+01    8.510615e+01   -3.236821e+00   -2.955630e+00    1.662191e+00    8.488608e+01
   6   -4.509981e+01    8.510615e+01   -3.236821e+00   -2.955630e+00    1.662191e+00    8.488608e+01   -4.845281e+01    9.485784e+01   -3.849048e+00   -3.180309e+00    1.845842e+00    8.552438e+01
   7   -4.845281e+01    9.485784e+01   -3.849048e+00   -3.180309e+00    1.845842e+00    8.552438e+01   -2.874993e+01    1.285100e+02   -4.249444e+00   -3.885826e+00    2.336882e+00    9.696092e+01
   8   -2.874993e+01    1.285100e+02   -4.249444e+00   -3.885826e+00    2.336882e+00    9.696092e+01    2.462239e+01    1.986894e+02   -4.029194e+00   -6.205273e+00    3.788565e+00    1.489030e+02
   9    2.462239e+01    1.986894e+02   -4.029194e+00   -6.205273e+00    3.788565e+00    1.489030e+02    1.749701e+02    3.806009e+02   -2.597051e+00   -1.787298e+01    1.109095e+01    4.212419e+02
  10    1.749701e+02    3.806009e+02   -2.597051e+00   -1.787298e+01    1.109095e+01    4.212419e+02    3.831618e+02    7.314219e+02   -3.264183e+00   -3.977277e+01    2.503430e+01    9.408885e+02
  11    3.831618e+02    7.314219e+02   -3.264183e+00   -3.977277e+01    2.503430e+01    9.408885e+02    4.892408e+02    9.895910e+02   -5.706491e+00   -4.965688e+01    3.154896e+01    1.213774e+03
  12    4.892408e+02    9.895910e+02   -5.706491e+00   -4.965688e+01    3.154896e+01    1.213774e+03    5.534214e+02    1.174827e+03   -7.164071e+00   -5.055834e+01    3.196584e+01    1.336426e+03
  13    5.534214e+02    1.174827e+03   -7.164071e+00   -5.055834e+01    3.196584e+01    1.336426e+03    6.209445e+02    1.394746e+03   -7.873580e+00   -4.901719e+01    3.018485e+01    1.481313e+03
  14    6.209445e+02    1.394746e+03   -7.873580e+00   -4.901719e+01    3.018485e+01    1.481313e+03    7.019428e+02    1.620431e+03   -1.190115e+01   -3.872549e+01    2.864272e+01    1.615851e+03
  15    7.019428e+02    1.620431e+03   -1.190115e+01   -3.872549e+01    2.864272e+01    1.615851e+03    7.759174e+02    1.838854e+03   -1.936141e+01   -1.800784e+01    2.596417e+01    1.744280e+03
  16    7.759174e+02    1.838854e+03   -1.936141e+01   -1.800784e+01    2.596417e+01    1.744280e+03    8.384732e+02    2.048767e+03   -2.806308e+01    1.164714e-01    2.526700e+01    1.848116e+03
  17    8.384732e+02    2.048767e+03   -2.806308e+01    1.164714e-01    2.526700e+01    1.848116e+03    8.941169e+02    2.247168e+03   -4.010683e+01    1.534346e+01    2.830506e+01    1.927978e+03
  18    8.941169e+02    2.247168e+03   -4.010683e+01    1.534346e+01    2.830506e+01    1.927978e+03    9.526498e+02    2.434693e+03   -5.409661e+01    2.860588e+01    3.285227e+01    1.982316e+03
  19    9.526498e+02    2.434693e+03   -5.409661e+01    2.860588e+01    3.285227e+01    1.982316e+03    1.014578e+03    2.626638e+03   -7.033249e+01    3.799472e+01    3.952074e+01    2.024033e+03
  20    1.014578e+03    2.626638e+03   -7.033249e+01    3.799472e+01    3.952074e+01    2.024033e+03    1.078349e+03    2.819095e+03   -8.602075e+01    4.386888e+01    4.605592e+01    2.059294e+03
  21    1.078349e+03    2.819095e+03   -8.602075e+01    4.386888e+01    4.605592e+01    2.059294e+03    1.142470e+03    3.012902e+03   -9.391927e+01    4.563214e+01    4.793568e+01    2.092849e+03
  22    1.142470e+03    3.012902e+03   -9.391927e+01    4.563214e+01    4.793568e+01    2.092849e+03    1.208801e+03    3.213586e+03   -9.757020e+01    4.820585e+01    4.664028e+01    2.133375e+03
  23    1.208801e+03    3.213586e+03   -9.757020e+01    4.820585e+01    4.664028e+01    2.133375e+03    1.275864e+03    3.414305e+03   -1.014320e+02    5.280701e+01    4.480447e+01    2.172398e+03
  24    1.275864e+03    3.414305e+03   -1.014320e+02    5.280701e+01    4.480447e+01    2.172398e+03    1.344443e+03    3.616401e+03   -1.139773e+02    5.930566e+01    4.769693e+01    2.212934e+03
  25    1.344443e+03    3.616401e+03   -1.139773e+02    5.930566e+01    4.769693e+01    2.212934e+03    1.415044e+03    3.822022e+03   -1.353968e+02    6.749588e+01    5.493238e+01    2.256054e+03
  26    1.415044e+03    3.822022e+03   -1.353968e+02    6.749588e+01    5.493238e+01    2.256054e+03    1.486414e+03    4.027300e+03   -1.424071e+02    7.320208e+01    5.430446e+01    2.299809e+03
  27    1.486414e+03    4.027300e+03   -1.424071e+02    7.320208e+01    5.430446e+01    2.299809e+03    1.557341e+03    4.230406e+03   -1.474774e+02    7.841922e+01    5.277120e+01    2.341843e+03
  28    1.557341e+03    4.230406e+03   -1.474774e+02    7.841922e+01    5.277120e+01    2.341843e+03    1.628310e+03    4.431065e+03   -1.606310e+02    8.488344e+01    5.514158e+01    2.381562e+03
  29    1.628310e+03    4.431065e+03   -1.606310e+02    8.488344e+01    5.514158e+01    2.381562e+03    1.700297e+03    4.630412e+03   -1.856704e+02    9.317890e+01    6.285570e+01    2.420848e+03
  30    1.700297e+03    4.630412e+03   -1.856704e+02    9.317890e+01    6.285570e+01    2.420848e+03    1.775488e+03    4.827802e+03   -2.222833e+02    1.031038e+02    7.563442e+01    2.466256e+03
  31    1.775488e+03    4.827802e+03   -2.222833e+02    1.031038e+02    7.563442e+01    2.466256e+03    1.863194e+03    5.040250e+03   -2.556705e+02    1.130809e+02    8.659764e+01    2.531249e+03
  32    1.863194e+03    5.040250e+03   -2.556705e+02    1.130809e+02    8.659764e+01    2.531249e+03    1.966185e+03    5.274481e+03   -2.898772e+02    1.231882e+02    9.723856e+01    2.604874e+03
  33    1.966185e+03    5.274481e+03   -2.898772e+02    1.231882e+02    9.723856e+01    2.604874e+03    2.072821e+03    5.508767e+03   -3.275614e+02    1.327209e+02    1.082227e+02    2.659899e+03
  34    2.072821e+03    5.508767e+03   -3.275614e+02    1.327209e+02    1.082227e+02    2.659899e+03    2.163960e+03    5.710883e+03   -3.708099e+02    1.409035e+02    1.197412e+02    2.666428e+03
  35    2.163960e+03    5.710883e+03   -3.708099e+02    1.409035e+02    1.197412e+02    2.666428e+03    2.220225e+03    5.842497e+03   -4.178352e+02    1.473279e+02    1.315018e+02    2.621608e+03
  36    2.220225e+03    5.842497e+03   -4.178352e+02    1.473279e+02    1.315018e+02    2.621608e+03    2.235350e+03    5.891411e+03   -4.599965e+02    1.501793e+02    1.401177e+02    2.524355e+03
  37    2.235350e+03    5.891411e+03   -4.599965e+02    1.501793e+02    1.401177e+02    2.524355e+03    2.213909e+03    5.865272e+03   -4.903416e+02    1.486876e+02    1.434209e+02    2.386874e+03
  38    2.213909e+03    5.865272e+03   -4.903416e+02    1.486876e+02    1.434209e+02    2.386874e+03    2.167445e+03    5.785115e+03   -5.103524e+02    1.436093e+02    1.428334e+02    2.228994e+03
  39    2.167445e+03    5.785115e+03   -5.103524e+02    1.436093e+02    1.428334e+02    2.228994e+03    2.104503e+03    5.666585e+03   -5.191588e+02    1.351429e+02    1.388962e+02    2.063869e+03
  40    2.104503e+03    5.666585e+03   -5.191588e+02    1.351429e+02    1.388962e+02    2.063869e+03    2.023886e+03    5.508435e+03   -5.179013e+02    1.252834e+02    1.319208e+02    1.892708e+03
  41    2.023886e+03    5.508435e+03   -5.179013e+02    1.252834e+02    1.319208e+02    1.892708e+03    1.927979e+03    5.315135e+03   -5.106977e+02    1.172215e+02    1.227037e+02    1.719583e+03
  42    1.927979e+03    5.315135e+03   -5.106977e+02    1.172215e+02    1.227037e+02    1.719583e+03    1.822198e+03    5.097524e+03   -4.991102e+02    1.148572e+02    1.107882e+02    1.550836e+03
  43    1.822198e+03    5.097524e+03   -4.991102e+02    1.148572e+02    1.107882e+02    1.550836e+03    1.704661e+03    4.852487e+03   -4.809197e+02    1.191050e+02    9.537728e+01    1.384536e+03
  44    1.704661e+03    4.852487e+03   -4.809197e+02    1.191050e+02    9.537728e+01    1.384536e+03    1.570298e+03    4.568299e+03   -4.538598e+02    1.175548e+02    8.032579e+01    1.215239e+03
  45    1.570298e+03    4.568299e+03   -4.538598e+02    1.175548e+02    8.032579e+01    1.215239e+03    1.409344e+03    4.217017e+03   -4.158246e+02    1.045128e+02    6.661712e+01    1.029809e+03
  46    1.409344e+03    4.217017e+03   -4.158246e+02    1.045128e+02    6.661712e+01    1.029809e+03    1.201249e+03    3.723720e+03   -3.620587e+02    8.219647e+01    5.100443e+01    7.972868e+02
  47    1.201249e+03    3.723720e+03   -3.620587e+02    8.219647e+01    5.100443e+01    7.972868e+02    9.172241e+02    2.958017e+03   -2.829368e+02    5.090437e+01    3.139963e+01    4.932952e+02
  48    9.172241e+02    2.958017e+03   -2.829368e+02    5.090437e+01    3.139963e+01    4.932952e+02    5.511157e+02    1.872845e+03   -1.757022e+02    1.900409e+01    1.171696e+01    1.845025e+02
  49    5.511157e+02    1.872845e+03   -1.757022e+02    1.900409e+01    1.171696e+01    1.845025e+02    0.000000e+00    0.000000e+00    0.000000e+00    0.000000e+00    0.000000e+00    0.000000e+00
