# Element_num    Fx_n    Fy_n    Fz_n    Mx_n    My_n    Mz_n    Fx_n+1    Fy_n+1    Fz_n+1    Mx_n+1    My_n+1    Mz_n+1 
   1    0.000000e+00    0.000000e+00    0.000000e+00    0.000000e+00    0.000000e+00    0.000000e+00   -2.967324e+01    8.267190e+01   -2.267568e+00    0.000000e+00    0.000000e+00    0.000000e+00
   2   -2.967324e+01    8.267190e+01   -2.267568e+00    0.000000e+00    0.000000e+00    0.000000e+00   -3.773220e+01    8.539800e+01   -2.821923e+00    0.000000e+00    0.000000e+00    0.000000e+00
   3   -3.773220e+01    8.539800e+01   -2.821923e+00    0.000000e+00    0.000000e+00    0.000000e+00   -4.470639e+01    9.037284e+01   -3.515316e+00    0.000000e+00    0.000000e+00    0.000000e+00
   4   -4.470639e+01    9.037284e+01   -3.515316e+00    0.000000e+00    0.000000e+00    0.000000e+00   -4.607352e+01    1.014136e+02   -4.029335e+00    0.000000e+00    0.000000e+00    0.000000e+00
   5   -4.607352e+01    1.014136e+02   -4.029335e+00    0.000000e+00    0.000000e+00    0.000000e+00   -3.173095e+01    1.275097e+02   -4.343703e+00    0.000000e+00    0.000000e+00    0.000000e+00
   6   -3.173095e+01    1.275097e+02   -4.343703e+00    0.000000e+00    0.000000e+00    0.000000e+00   -7.107238e-02    1.710892e+02   -4.256791e+00    0.000000e+00    0.000000e+00    0.000000e+00
   7   -7.107238e-02    1.710892e+02   -4.256791e+00    0.000000e+00    0.000000e+00    0.000000e+00    4.811217e+01    2.343060e+02   -3.942491e+00    0.000000e+00    0.000000e+00    0.000000e+00
   8    4.811217e+01    2.343060e+02   -3.942491e+00    0.000000e+00    0.000000e+00    0.000000e+00    1.325387e+02    3.368647e+02   -2.882537e+00    0.000000e+00    0.000000e+00    0.000000e+00
   9    1.325387e+02    3.368647e+02   -2.882537e+00    0.000000e+00    0.000000e+00    0.000000e+00    2.675268e+02    5.244870e+02   -1.688881e+00    0.000000e+00    0.000000e+00    0.000000e+00
  10    2.675268e+02    5.244870e+02   -1.688881e+00    0.000000e+00    0.000000e+00    0.000000e+00    3.744352e+02    7.282636e+02   -2.027343e+00    0.000000e+00    0.000000e+00    0.000000e+00
  11    3.744352e+02    7.282636e+02   -2.027343e+00    0.000000e+00    0.000000e+00    0.000000e+00    4.418159e+02    9.012262e+02   -3.242423e+00    0.000000e+00    0.000000e+00    0.000000e+00
  12    4.418159e+02    9.012262e+02   -3.242423e+00    0.000000e+00    0.000000e+00    0.000000e+00    4.914563e+02    1.060078e+03   -4.512248e+00    0.000000e+00    0.000000e+00    0.000000e+00
  13    4.914563e+02    1.060078e+03   -4.512248e+00    0.000000e+00    0.000000e+00    0.000000e+00    5.303526e+02    1.262876e+03   -6.103494e+00    0.000000e+00    0.000000e+00    0.000000e+00
  14    5.303526e+02    1.262876e+03   -6.103494e+00    0.000000e+00    0.000000e+00    0.000000e+00    5.554260e+02    1.474639e+03   -8.367230e+00    0.000000e+00    0.000000e+00    0.000000e+00
  15    5.554260e+02    1.474639e+03   -8.367230e+00    0.000000e+00    0.000000e+00    0.000000e+00    5.880989e+02    1.712067e+03   -1.085164e+01    0.000000e+00    0.000000e+00    0.000000e+00
  16    5.880989e+02    1.712067e+03   -1.085164e+01    0.000000e+00    0.000000e+00    0.000000e+00    6.104139e+02    1.927416e+03   -1.500842e+01    0.000000e+00    0.000000e+00    0.000000e+00
  17    6.104139e+02    1.927416e+03   -1.500842e+01    0.000000e+00    0.000000e+00    0.000000e+00    6.253262e+02    2.180681e+03   -2.503147e+01    0.000000e+00    0.000000e+00    0.000000e+00
  18    6.253262e+02    2.180681e+03   -2.503147e+01    0.000000e+00    0.000000e+00    0.000000e+00    6.283136e+02    2.407164e+03   -3.920013e+01    0.000000e+00    0.000000e+00    0.000000e+00
  19    6.283136e+02    2.407164e+03   -3.920013e+01    0.000000e+00    0.000000e+00    0.000000e+00    6.242873e+02    2.825111e+03   -6.589488e+01    0.000000e+00    0.000000e+00    0.000000e+00
  20    6.242873e+02    2.825111e+03   -6.589488e+01    0.000000e+00    0.000000e+00    0.000000e+00    6.192246e+02    3.227423e+03   -9.891145e+01    0.000000e+00    0.000000e+00    0.000000e+00
  21    6.192246e+02    3.227423e+03   -9.891145e+01    0.000000e+00    0.000000e+00    0.000000e+00    6.143929e+02    3.610240e+03   -1.163871e+02    0.000000e+00    0.000000e+00    0.000000e+00
  22    6.143929e+02    3.610240e+03   -1.163871e+02    0.000000e+00    0.000000e+00    0.000000e+00    6.103604e+02    4.001261e+03   -1.279966e+02    0.000000e+00    0.000000e+00    0.000000e+00
  23    6.103604e+02    4.001261e+03   -1.279966e+02    0.000000e+00    0.000000e+00    0.000000e+00    6.057282e+02    4.371967e+03   -1.564645e+02    0.000000e+00    0.000000e+00    0.000000e+00
  24    6.057282e+02    4.371967e+03   -1.564645e+02    0.000000e+00    0.000000e+00    0.000000e+00    6.017386e+02    4.747614e+03   -1.823631e+02    0.000000e+00    0.000000e+00    0.000000e+00
  25    6.017386e+02    4.747614e+03   -1.823631e+02    0.000000e+00    0.000000e+00    0.000000e+00    5.970450e+02    5.061804e+03   -1.971364e+02    0.000000e+00    0.000000e+00    0.000000e+00
  26    5.970450e+02    5.061804e+03   -1.971364e+02    0.000000e+00    0.000000e+00    0.000000e+00    5.902837e+02    5.337315e+03   -2.373355e+02    0.000000e+00    0.000000e+00    0.000000e+00
  27    5.902837e+02    5.337315e+03   -2.373355e+02    0.000000e+00    0.000000e+00    0.000000e+00    5.841509e+02    5.637155e+03   -2.966098e+02    0.000000e+00    0.000000e+00    0.000000e+00
  28    5.841509e+02    5.637155e+03   -2.966098e+02    0.000000e+00    0.000000e+00    0.000000e+00    5.793822e+02    6.019046e+03   -3.565538e+02    0.000000e+00    0.000000e+00    0.000000e+00
  29    5.793822e+02    6.019046e+03   -3.565538e+02    0.000000e+00    0.000000e+00    0.000000e+00    5.668514e+02    6.337281e+03   -4.293238e+02    0.000000e+00    0.000000e+00    0.000000e+00
  30    5.668514e+02    6.337281e+03   -4.293238e+02    0.000000e+00    0.000000e+00    0.000000e+00    5.386832e+02    6.356194e+03   -4.921573e+02    0.000000e+00    0.000000e+00    0.000000e+00
  31    5.386832e+02    6.356194e+03   -4.921573e+02    0.000000e+00    0.000000e+00    0.000000e+00    4.882499e+02    6.046436e+03   -5.026050e+02    0.000000e+00    0.000000e+00    0.000000e+00
  32    4.882499e+02    6.046436e+03   -5.026050e+02    0.000000e+00    0.000000e+00    0.000000e+00    3.997672e+02    5.377707e+03   -4.488330e+02    0.000000e+00    0.000000e+00    0.000000e+00
  33    3.997672e+02    5.377707e+03   -4.488330e+02    0.000000e+00    0.000000e+00    0.000000e+00    0.000000e+00    0.000000e+00    0.000000e+00    0.000000e+00    0.000000e+00    0.000000e+00
