# Node_num    Fx      Fy      Fz      Mx      My      Mz 
   1    5.646165e-01   -1.324094e-05    2.004586e+02   -1.035015e-02    3.325422e-02   -1.168220e-04
   2    2.076983e+00   -1.524775e-04    8.057768e+02    6.031177e-02    3.295317e-01   -1.286600e-03
   3    3.333714e+00   -5.725988e-04    1.627983e+03    1.659674e-01    6.841395e-01   -2.342543e-03
   4    2.952514e+00   -1.614301e-03    2.481753e+03    3.646398e-01    1.087482e+00   -2.649894e-03
   5    1.282629e-01   -3.676807e-03    3.379688e+03    7.049977e-01    1.562700e+00   -1.124161e-03
   6   -5.904970e+00   -4.115122e-03    4.330674e+03    1.887316e+00    2.049998e+00    1.740495e-02
   7   -1.580630e+01    6.386915e-03    5.340263e+03    6.971351e+00    2.214648e+00    3.038702e-02
   8   -2.894529e+01   -6.925224e-02    6.397270e+03    1.429459e+01   -7.272861e+00    2.546324e-01
   9   -4.051391e+01    3.946266e-01    7.441805e+03    1.445674e+01   -8.241309e+01    1.357388e-02
  10   -5.304961e+01   -4.513537e-01    8.466377e+03    4.137387e+00   -2.128505e+02    1.368993e-01
  11   -6.674772e+01   -6.551898e-02    9.467613e+03   -2.137120e+01   -3.881568e+02   -4.473570e-02
  12   -8.275658e+01   -2.654121e-01    1.042784e+04   -5.858942e+01   -6.114108e+02   -2.903291e-01
  13   -1.016079e+02   -3.275080e-01    1.135775e+04   -1.023441e+02   -8.807975e+02   -7.859114e-01
  14   -1.216500e+02   -4.386929e-01    1.218443e+04   -1.506614e+02   -1.191674e+03   -1.421656e+00
  15   -1.457553e+02   -6.197747e-01    1.301310e+04   -1.873723e+02   -1.509144e+03   -1.937860e+00
  16   -1.848330e+02   -2.210323e-01    1.439104e+04   -1.867990e+02   -1.825012e+03   -1.815784e+00
  17   -2.293270e+02   -1.800699e+00    1.579396e+04   -1.737533e+02   -2.131235e+03   -3.434593e+00
  18   -2.766350e+02   -4.961403e-02    1.650223e+04   -1.388423e+02   -2.213900e+03   -2.186797e+00
  19   -3.112062e+02   -3.241032e-01    1.660118e+04   -8.863859e+01   -2.146951e+03   -7.989235e-01
  20   -3.346777e+02   -2.028517e-01    1.627941e+04   -4.208904e+01   -2.028913e+03    8.481873e-01
  21   -3.429484e+02    2.995639e+00    1.560302e+04   -1.028303e+01   -1.892725e+03   -4.357688e+00
  22   -3.506018e+02    7.127628e-01    1.533734e+04    3.907301e+01   -1.899098e+03    8.091301e-01
  23   -3.485285e+02    4.270049e-01    1.483381e+04    8.234518e+01   -1.906118e+03    2.060552e+00
  24   -3.366292e+02    1.821349e+00    1.398854e+04    1.155453e+02   -1.864526e+03    2.284820e+00
  25   -3.279818e+02    1.606029e+00    1.376773e+04    1.539300e+02   -1.840990e+03    3.718779e+00
  26   -3.246859e+02    9.187518e-01    1.392031e+04    2.031475e+02   -1.811520e+03    4.900818e+00
  27   -3.141507e+02   -1.035932e-01    1.393841e+04    2.450866e+02   -1.781427e+03    5.849741e+00
  28   -3.071563e+02   -3.593728e-02    1.429636e+04    2.712802e+02   -1.799875e+03    5.827611e+00
  29   -3.014754e+02    2.084764e-01    1.488340e+04    2.854671e+02   -1.840335e+03    5.717298e+00
  30   -2.891614e+02   -5.290819e-01    1.544772e+04    3.002037e+02   -1.892361e+03    5.787118e+00
  31   -2.825690e+02    4.201920e-02    1.610285e+04    3.079660e+02   -1.971456e+03    5.525703e+00
  32   -2.726496e+02    1.035541e-01    1.679080e+04    3.097651e+02   -2.062369e+03    5.119734e+00
  33   -2.596639e+02   -3.169662e-01    1.745993e+04    3.046647e+02   -2.175194e+03    4.674795e+00
  34   -2.465178e+02    2.047830e-01    1.806642e+04    2.785356e+02   -2.370726e+03    3.844182e+00
  35   -2.327745e+02    8.291780e-02    1.865564e+04    2.479903e+02   -2.579805e+03    3.272124e+00
  36   -2.197799e+02    3.438008e-02    1.913049e+04    2.390269e+02   -2.716713e+03    3.119835e+00
  37   -2.064916e+02    3.971536e-01    1.950034e+04    2.266844e+02   -2.784593e+03    2.660640e+00
  38   -1.923990e+02    1.760319e-01    1.982646e+04    2.240797e+02   -2.847323e+03    2.843381e+00
  39   -1.776145e+02    3.695663e-01    2.008477e+04    2.658237e+02   -2.949497e+03    3.181191e+00
  40   -1.626654e+02    2.133702e-01    2.028580e+04    2.989277e+02   -3.048109e+03    3.658581e+00
  41   -1.481153e+02    3.257505e-01    2.041513e+04    3.269427e+02   -3.087923e+03    3.747736e+00
  42   -1.333837e+02    6.426313e-01    2.047093e+04    3.577689e+02   -3.069619e+03    3.427436e+00
  43   -1.145905e+02    1.762183e-01    2.039627e+04    3.776225e+02   -3.157882e+03    3.231122e+00
  44   -8.789315e+01    5.195607e-01    1.999109e+04    4.042136e+02   -3.656322e+03    3.496656e+00
  45   -6.162862e+01    2.389566e-01    1.943714e+04    4.193438e+02   -4.223850e+03    4.031402e+00
  46   -3.407683e+01    1.327582e-01    1.875748e+04    4.279933e+02   -4.794278e+03    4.729857e+00
  47   -6.745396e+00    5.811022e-01    1.794591e+04    4.485031e+02   -5.361486e+03    5.650916e+00
  48    1.629761e+01   -1.105383e+00    1.710149e+04    4.587279e+02   -5.701563e+03    1.172902e+01
  49    2.244017e+01    6.744990e-01    1.634372e+04    4.780331e+02   -5.790935e+03    1.118862e+01
  50    3.553773e+01    7.972157e-01    1.561552e+04    5.014652e+02   -5.688422e+03    1.301152e+01
  51    3.500820e+01   -2.922128e+00    1.484175e+04    5.211286e+02   -5.417201e+03    1.814643e+01
  52    3.170409e+01    5.616205e-01    1.380343e+04    5.324167e+02   -4.978719e+03    1.726213e+01
  53    3.376763e+01    3.663437e-01    1.277079e+04    5.300050e+02   -4.480830e+03    1.834435e+01
  54    2.630313e+01   -2.389577e-01    1.167140e+04    5.145105e+02   -3.961397e+03    1.960864e+01
  55    2.490179e+01    2.626139e-01    1.049196e+04    4.776287e+02   -3.435330e+03    1.892068e+01
  56    2.362161e+01    5.697548e-01    9.311385e+03    4.322689e+02   -2.923499e+03    1.898667e+01
  57    3.887357e+00    1.585365e-01    8.187059e+03    3.791775e+02   -2.425588e+03    1.876727e+01
  58   -2.086763e+00   -1.459828e+00    7.178230e+03    3.257252e+02   -1.976570e+03    1.387881e+01
  59   -1.039041e+00   -1.376735e+00    6.196326e+03    2.732049e+02   -1.571442e+03    1.060088e+01
  60    9.121703e-01    7.567302e-01    5.272190e+03    2.232747e+02   -1.226020e+03    8.219235e+00
  61    2.659961e+00   -9.485991e-01    4.620777e+03    1.880657e+02   -9.837063e+02    5.915181e+00
  62    3.151088e+00   -7.897127e-01    4.018354e+03    1.574215e+02   -7.795251e+02    4.325716e+00
  63    3.496265e+00   -4.877106e-01    3.451296e+03    1.298860e+02   -6.067551e+02    3.092205e+00
  64    3.977034e+00    1.184036e+00    2.948980e+03    1.045260e+02   -4.619032e+02    2.442267e+00
  65    4.197224e+00   -4.771380e-01    2.575054e+03    8.645766e+01   -3.460492e+02    1.442744e+00
  66    4.058590e+00   -3.841243e-01    2.230571e+03    7.158666e+01   -2.515723e+02    9.375646e-01
  67    3.877051e+00   -3.054580e-01    1.914226e+03    5.867149e+01   -1.765626e+02    5.751530e-01
  68    3.720369e+00   -1.611807e-01    1.623726e+03    4.756094e+01   -1.189472e+02    2.470523e-01
  69    3.744437e+00   -5.913822e-02    1.337395e+03    3.693706e+01   -8.144879e+01   -7.680496e-02
  70    3.228765e+00   -2.334013e-01    1.063564e+03    2.651224e+01   -6.090839e+01    5.535269e-02
  71    2.704929e+00   -1.573867e-01    8.222800e+02    1.815371e+01   -4.474337e+01    3.341742e-02
  72    2.211636e+00   -1.021949e-01    6.204003e+02    1.208352e+01   -3.234427e+01    1.784876e-02
  73    1.741912e+00   -6.403972e-02    4.553481e+02    7.810442e+00   -2.282932e+01    8.536154e-03
  74    1.312000e+00   -3.849503e-02    3.238116e+02    4.895311e+00   -1.566900e+01    3.404206e-03
  75    9.400688e-01   -2.212083e-02    2.220262e+02    2.970638e+00   -1.043137e+01    6.527771e-04
  76    6.329869e-01   -1.187451e-02    1.458001e+02    1.743105e+00   -6.681018e+00   -4.171743e-04
  77    3.930291e-01   -5.461612e-03    9.053609e+01    9.823355e-01   -4.069090e+00    4.248268e-04
  78    2.083152e-01   -8.500212e-04    5.128304e+01    5.144545e-01   -2.258915e+00    6.833373e-03
  79    5.408197e-02    3.175610e-03    2.288193e+01    2.069112e-01   -9.354471e-01    2.646192e-02
  80    1.060465e-02    1.038371e-03    5.464892e+00    4.199349e-02   -2.135447e-01    9.376449e-03
