# Element_num    Fx_n    Fy_n    Fz_n    Mx_n    My_n    Mz_n    Fx_n+1    Fy_n+1    Fz_n+1    Mx_n+1    My_n+1    Mz_n+1 
   1    0.000000e+00    0.000000e+00    0.000000e+00    3.076878e-17   -1.354308e-17   -1.007887e-15   -2.212444e+01    8.036583e+01   -1.832062e+00   -2.496164e+00    1.328815e+00    8.843456e+01
   2   -2.212444e+01    8.036583e+01   -1.832062e+00   -2.496164e+00    1.328815e+00    8.843456e+01   -2.300366e+01    8.062698e+01   -1.892086e+00   -2.530714e+00    1.351889e+00    8.837570e+01
   3   -2.300366e+01    8.062698e+01   -1.892086e+00   -2.530714e+00    1.351889e+00    8.837570e+01   -2.444325e+01    8.104086e+01   -1.990659e+00   -2.586343e+00    1.388208e+00    8.827238e+01
   4   -2.444325e+01    8.104086e+01   -1.990659e+00   -2.586343e+00    1.388208e+00    8.827238e+01   -2.647378e+01    8.164150e+01   -2.131053e+00   -2.661444e+00    1.438253e+00    8.816280e+01
   5   -2.647378e+01    8.164150e+01   -2.131053e+00   -2.661444e+00    1.438253e+00    8.816280e+01   -2.913277e+01    8.246348e+01   -2.314967e+00   -2.753754e+00    1.500186e+00    8.809413e+01
   6   -2.913277e+01    8.246348e+01   -2.314967e+00   -2.753754e+00    1.500186e+00    8.809413e+01   -3.247055e+01    8.354774e+01   -2.544899e+00   -2.860043e+00    1.572586e+00    8.811868e+01
   7   -3.247055e+01    8.354774e+01   -2.544899e+00   -2.860043e+00    1.572586e+00    8.811868e+01   -3.655399e+01    8.494031e+01   -2.823633e+00   -2.976700e+00    1.653973e+00    8.829024e+01
   8   -3.655399e+01    8.494031e+01   -2.823633e+00   -2.976700e+00    1.653973e+00    8.829024e+01   -4.147013e+01    8.669059e+01   -3.152671e+00   -3.097851e+00    1.741522e+00    8.863656e+01
   9   -4.147013e+01    8.669059e+01   -3.152671e+00   -3.097851e+00    1.741522e+00    8.863656e+01   -4.680036e+01    8.936538e+01   -3.536178e+00   -3.222070e+00    1.836791e+00    8.906212e+01
  10   -4.680036e+01    8.936538e+01   -3.536178e+00   -3.222070e+00    1.836791e+00    8.906212e+01   -4.358900e+01    1.013821e+02   -3.891321e+00   -3.406006e+00    1.979615e+00    8.972841e+01
  11   -4.358900e+01    1.013821e+02   -3.891321e+00   -3.406006e+00    1.979615e+00    8.972841e+01   -3.271661e+01    1.214520e+02   -4.203209e+00   -3.761966e+00    2.227249e+00    9.363860e+01
  12   -3.271661e+01    1.214520e+02   -4.203209e+00   -3.761966e+00    2.227249e+00    9.363860e+01   -1.147857e+01    1.526170e+02   -4.281990e+00   -4.514801e+00    2.688825e+00    1.079367e+02
  13   -1.147857e+01    1.526170e+02   -4.281990e+00   -4.514801e+00    2.688825e+00    1.079367e+02    2.343345e+01    2.006735e+02   -4.050696e+00   -6.001764e+00    3.546270e+00    1.409636e+02
  14    2.343345e+01    2.006735e+02   -4.050696e+00   -6.001764e+00    3.546270e+00    1.409636e+02    8.440408e+01    2.761789e+02   -3.350203e+00   -9.111559e+00    5.347713e+00    2.112925e+02
  15    8.440408e+01    2.761789e+02   -3.350203e+00   -9.111559e+00    5.347713e+00    2.112925e+02    2.106083e+02    4.379362e+02   -2.066501e+00   -2.033219e+01    1.195757e+01    4.619039e+02
  16    2.106083e+02    4.379362e+02   -2.066501e+00   -2.033219e+01    1.195757e+01    4.619039e+02    3.520803e+02    6.700827e+02   -1.701778e+00   -3.686276e+01    2.148000e+01    8.313220e+02
  17    3.520803e+02    6.700827e+02   -1.701778e+00   -3.686276e+01    2.148000e+01    8.313220e+02    4.381753e+02    8.810711e+02   -2.563742e+00   -4.797578e+01    2.706472e+01    1.101568e+03
  18    4.381753e+02    8.810711e+02   -2.563742e+00   -4.797578e+01    2.706472e+01    1.101568e+03    5.004208e+02    1.079653e+03   -4.227716e+00   -5.663123e+01    3.141417e+01    1.319143e+03
  19    5.004208e+02    1.079653e+03   -4.227716e+00   -5.663123e+01    3.141417e+01    1.319143e+03    5.271319e+02    1.213420e+03   -5.904003e+00   -5.981914e+01    3.289395e+01    1.419648e+03
  20    5.271319e+02    1.213420e+03   -5.904003e+00   -5.981914e+01    3.289395e+01    1.419648e+03    5.465520e+02    1.353811e+03   -5.902440e+00   -5.970928e+01    3.076064e+01    1.526465e+03
  21    5.465520e+02    1.353811e+03   -5.902440e+00   -5.970928e+01    3.076064e+01    1.526465e+03    5.648505e+02    1.510414e+03   -5.727994e+00   -5.905738e+01    2.831076e+01    1.641479e+03
  22    5.648505e+02    1.510414e+03   -5.727994e+00   -5.905738e+01    2.831076e+01    1.641479e+03    5.902800e+02    1.688431e+03   -8.366183e+00   -5.790531e+01    2.888505e+01    1.743933e+03
  23    5.902800e+02    1.688431e+03   -8.366183e+00   -5.790531e+01    2.888505e+01    1.743933e+03    6.107493e+02    1.864587e+03   -1.361668e+01   -4.827874e+01    2.933147e+01    1.851029e+03
  24    6.107493e+02    1.864587e+03   -1.361668e+01   -4.827874e+01    2.933147e+01    1.851029e+03    6.247028e+02    2.033961e+03   -1.931980e+01   -3.045033e+01    2.795955e+01    1.958935e+03
  25    6.247028e+02    2.033961e+03   -1.931980e+01   -3.045033e+01    2.795955e+01    1.958935e+03    6.321673e+02    2.197065e+03   -2.408468e+01   -2.173813e+01    2.877833e+01    2.054656e+03
  26    6.321673e+02    2.197065e+03   -2.408468e+01   -2.173813e+01    2.877833e+01    2.054656e+03    6.352790e+02    2.354976e+03   -3.273732e+01   -1.077935e+01    3.260778e+01    2.136481e+03
  27    6.352790e+02    2.354976e+03   -3.273732e+01   -1.077935e+01    3.260778e+01    2.136481e+03    6.348084e+02    2.509217e+03   -4.446405e+01    4.747849e+00    3.794666e+01    2.209209e+03
  28    6.348084e+02    2.509217e+03   -4.446405e+01    4.747849e+00    3.794666e+01    2.209209e+03    6.334471e+02    2.659089e+03   -5.450022e+01    1.295993e+01    4.348838e+01    2.272448e+03
  29    6.334471e+02    2.659089e+03   -5.450022e+01    1.295993e+01    4.348838e+01    2.272448e+03    6.316688e+02    2.805586e+03   -6.428200e+01    1.718719e+01    4.928306e+01    2.319848e+03
  30    6.316688e+02    2.805586e+03   -6.428200e+01    1.718719e+01    4.928306e+01    2.319848e+03    6.297344e+02    2.952795e+03   -7.654345e+01    2.230265e+01    5.641786e+01    2.359903e+03
  31    6.297344e+02    2.952795e+03   -7.654345e+01    2.230265e+01    5.641786e+01    2.359903e+03    6.277815e+02    3.101339e+03   -8.964628e+01    2.674307e+01    6.392944e+01    2.398936e+03
  32    6.277815e+02    3.101339e+03   -8.964628e+01    2.674307e+01    6.392944e+01    2.398936e+03    6.258527e+02    3.247809e+03   -1.016926e+02    2.838322e+01    7.067186e+01    2.431765e+03
  33    6.258527e+02    3.247809e+03   -1.016926e+02    2.838322e+01    7.067186e+01    2.431765e+03    6.239394e+02    3.393384e+03   -1.103437e+02    2.750996e+01    7.499522e+01    2.461872e+03
  34    6.239394e+02    3.393384e+03   -1.103437e+02    2.750996e+01    7.499522e+01    2.461872e+03    6.221772e+02    3.540866e+03   -1.138226e+02    2.641176e+01    7.555039e+01    2.494642e+03
  35    6.221772e+02    3.540866e+03   -1.138226e+02    2.641176e+01    7.555039e+01    2.494642e+03    6.204507e+02    3.690569e+03   -1.178390e+02    2.697427e+01    7.621988e+01    2.529137e+03
  36    6.204507e+02    3.690569e+03   -1.178390e+02    2.697427e+01    7.621988e+01    2.529137e+03    6.187090e+02    3.838017e+03   -1.218085e+02    2.889010e+01    7.662427e+01    2.561068e+03
  37    6.187090e+02    3.838017e+03   -1.218085e+02    2.889010e+01    7.662427e+01    2.561068e+03    6.170325e+02    3.983545e+03   -1.220982e+02    3.104136e+01    7.455978e+01    2.589438e+03
  38    6.170325e+02    3.983545e+03   -1.220982e+02    3.104136e+01    7.455978e+01    2.589438e+03    6.151275e+02    4.125647e+03   -1.292816e+02    3.311469e+01    7.698872e+01    2.614433e+03
  39    6.151275e+02    4.125647e+03   -1.292816e+02    3.311469e+01    7.698872e+01    2.614433e+03    6.128116e+02    4.264885e+03   -1.471802e+02    3.588012e+01    8.581914e+01    2.636200e+03
  40    6.128116e+02    4.264885e+03   -1.471802e+02    3.588012e+01    8.581914e+01    2.636200e+03    6.104709e+02    4.401719e+03   -1.635440e+02    3.895337e+01    9.327172e+01    2.655774e+03
  41    6.104709e+02    4.401719e+03   -1.635440e+02    3.895337e+01    9.327172e+01    2.655774e+03    6.083093e+02    4.535069e+03   -1.732949e+02    4.108834e+01    9.662340e+01    2.672832e+03
  42    6.083093e+02    4.535069e+03   -1.732949e+02    4.108834e+01    9.662340e+01    2.672832e+03    6.063725e+02    4.663355e+03   -1.748937e+02    4.277107e+01    9.517520e+01    2.686037e+03
  43    6.063725e+02    4.663355e+03   -1.748937e+02    4.277107e+01    9.517520e+01    2.686037e+03    6.044098e+02    4.785273e+03   -1.759885e+02    4.455586e+01    9.347394e+01    2.694655e+03
  44    6.044098e+02    4.785273e+03   -1.759885e+02    4.455586e+01    9.347394e+01    2.694655e+03    6.021000e+02    4.901143e+03   -1.836979e+02    4.614687e+01    9.544364e+01    2.697734e+03
  45    6.021000e+02    4.901143e+03   -1.836979e+02    4.614687e+01    9.544364e+01    2.697734e+03    5.995975e+02    5.009716e+03   -1.914975e+02    4.769843e+01    9.735095e+01    2.696122e+03
  46    5.995975e+02    5.009716e+03   -1.914975e+02    4.769843e+01    9.735095e+01    2.696122e+03    5.966075e+02    5.110216e+03   -2.044100e+02    4.904236e+01    1.018047e+02    2.688240e+03
  47    5.966075e+02    5.110216e+03   -2.044100e+02    4.904236e+01    1.018047e+02    2.688240e+03    5.930436e+02    5.204189e+03   -2.277078e+02    5.028195e+01    1.113941e+02    2.676830e+03
  48    5.930436e+02    5.204189e+03   -2.277078e+02    5.028195e+01    1.113941e+02    2.676830e+03    5.893749e+02    5.290582e+03   -2.496996e+02    5.136198e+01    1.200479e+02    2.664781e+03
  49    5.893749e+02    5.290582e+03   -2.496996e+02    5.136198e+01    1.200479e+02    2.664781e+03    5.859062e+02    5.375713e+03   -2.687752e+02    5.191469e+01    1.271261e+02    2.655790e+03
  50    5.859062e+02    5.375713e+03   -2.687752e+02    5.191469e+01    1.271261e+02    2.655790e+03    5.829258e+02    5.468110e+03   -2.869839e+02    5.240352e+01    1.337531e+02    2.654936e+03
  51    5.829258e+02    5.468110e+03   -2.869839e+02    5.240352e+01    1.337531e+02    2.654936e+03    5.802436e+02    5.568135e+03   -3.056205e+02    5.273603e+01    1.404201e+02    2.658454e+03
  52    5.802436e+02    5.568135e+03   -3.056205e+02    5.273603e+01    1.404201e+02    2.658454e+03    5.772770e+02    5.668094e+03   -3.238300e+02    5.260318e+01    1.463213e+02    2.654879e+03
  53    5.772770e+02    5.668094e+03   -3.238300e+02    5.260318e+01    1.463213e+02    2.654879e+03    5.739369e+02    5.767087e+03   -3.433596e+02    5.243202e+01    1.523228e+02    2.646064e+03
  54    5.739369e+02    5.767087e+03   -3.433596e+02    5.243202e+01    1.523228e+02    2.646064e+03    5.693501e+02    5.851433e+03   -3.641548e+02    5.184723e+01    1.577808e+02    2.616369e+03
  55    5.693501e+02    5.851433e+03   -3.641548e+02    5.184723e+01    1.577808e+02    2.616369e+03    5.637873e+02    5.919521e+03   -3.858837e+02    5.121422e+01    1.630147e+02    2.575498e+03
  56    5.637873e+02    5.919521e+03   -3.858837e+02    5.121422e+01    1.630147e+02    2.575498e+03    5.563220e+02    5.952651e+03   -4.107160e+02    5.064392e+01    1.687456e+02    2.514287e+03
  57    5.563220e+02    5.952651e+03   -4.107160e+02    5.064392e+01    1.687456e+02    2.514287e+03    5.471145e+02    5.951876e+03   -4.335785e+02    4.980732e+01    1.728064e+02    2.435020e+03
  58    5.471145e+02    5.951876e+03   -4.335785e+02    4.980732e+01    1.728064e+02    2.435020e+03    5.363110e+02    5.918958e+03   -4.503081e+02    4.853710e+01    1.736645e+02    2.340495e+03
  59    5.363110e+02    5.918958e+03   -4.503081e+02    4.853710e+01    1.736645e+02    2.340495e+03    5.238241e+02    5.855922e+03   -4.628153e+02    4.694152e+01    1.723051e+02    2.233275e+03
  60    5.238241e+02    5.855922e+03   -4.628153e+02    4.694152e+01    1.723051e+02    2.233275e+03    5.101417e+02    5.775021e+03   -4.719855e+02    4.525610e+01    1.694184e+02    2.121849e+03
  61    5.101417e+02    5.775021e+03   -4.719855e+02    4.525610e+01    1.694184e+02    2.121849e+03    4.952412e+02    5.675378e+03   -4.767437e+02    4.316090e+01    1.647889e+02    2.006559e+03
  62    4.952412e+02    5.675378e+03   -4.767437e+02    4.316090e+01    1.647889e+02    2.006559e+03    4.795933e+02    5.566140e+03   -4.779375e+02    4.060009e+01    1.590375e+02    1.892918e+03
  63    4.795933e+02    5.566140e+03   -4.779375e+02    4.060009e+01    1.590375e+02    1.892918e+03    4.631770e+02    5.447148e+03   -4.759555e+02    3.760649e+01    1.524127e+02    1.780908e+03
  64    4.631770e+02    5.447148e+03   -4.759555e+02    3.760649e+01    1.524127e+02    1.780908e+03    4.460055e+02    5.318422e+03   -4.704954e+02    3.433520e+01    1.449132e+02    1.670629e+03
  65    4.460055e+02    5.318422e+03   -4.704954e+02    3.433520e+01    1.449132e+02    1.670629e+03    4.278286e+02    5.176924e+03   -4.633036e+02    3.226273e+01    1.369961e+02    1.560578e+03
  66    4.278286e+02    5.176924e+03   -4.633036e+02    3.226273e+01    1.369961e+02    1.560578e+03    4.088366e+02    5.027999e+03   -4.558032e+02    3.161813e+01    1.291891e+02    1.453455e+03
  67    4.088366e+02    5.027999e+03   -4.558032e+02    3.161813e+01    1.291891e+02    1.453455e+03    3.890407e+02    4.873068e+03   -4.473613e+02    3.236949e+01    1.213357e+02    1.349849e+03
  68    3.890407e+02    4.873068e+03   -4.473613e+02    3.236949e+01    1.213357e+02    1.349849e+03    3.684525e+02    4.714344e+03   -4.373021e+02    3.609703e+01    1.131809e+02    1.250563e+03
  69    3.684525e+02    4.714344e+03   -4.373021e+02    3.609703e+01    1.131809e+02    1.250563e+03    3.467297e+02    4.547394e+03   -4.241904e+02    4.375708e+01    1.042371e+02    1.153206e+03
  70    3.467297e+02    4.547394e+03   -4.241904e+02    4.375708e+01    1.042371e+02    1.153206e+03    3.235030e+02    4.369179e+03   -4.081449e+02    4.960706e+01    9.500486e+01    1.056343e+03
  71    3.235030e+02    4.369179e+03   -4.081449e+02    4.960706e+01    9.500486e+01    1.056343e+03    2.985271e+02    4.180642e+03   -3.893856e+02    4.980619e+01    8.587991e+01    9.602349e+02
  72    2.985271e+02    4.180642e+03   -3.893856e+02    4.980619e+01    8.587991e+01    9.602349e+02    2.709656e+02    3.975174e+03   -3.681352e+02    4.771574e+01    7.654741e+01    8.616905e+02
  73    2.709656e+02    3.975174e+03   -3.681352e+02    4.771574e+01    7.654741e+01    8.616905e+02    2.396196e+02    3.739660e+03   -3.435634e+02    4.328904e+01    6.662868e+01    7.554400e+02
  74    2.396196e+02    3.739660e+03   -3.435634e+02    4.328904e+01    6.662868e+01    7.554400e+02    2.030965e+02    3.439868e+03   -3.129424e+02    3.662410e+01    5.513934e+01    6.298612e+02
  75    2.030965e+02    3.439868e+03   -3.129424e+02    3.662410e+01    5.513934e+01    6.298612e+02    1.617022e+02    3.056920e+03   -2.750680e+02    2.826687e+01    4.209713e+01    4.844560e+02
  76    1.617022e+02    3.056920e+03   -2.750680e+02    2.826687e+01    4.209713e+01    4.844560e+02    1.179031e+02    2.543110e+03   -2.263698e+02    1.864475e+01    2.765237e+01    3.203665e+02
  77    1.179031e+02    2.543110e+03   -2.263698e+02    1.864475e+01    2.765237e+01    3.203665e+02    7.394228e+01    1.895469e+03   -1.669676e+02    9.511056e+00    1.403092e+01    1.634955e+02
  78    7.394228e+01    1.895469e+03   -1.669676e+02    9.511056e+00    1.403092e+01    1.634955e+02    2.720262e+01    1.207116e+03   -1.047345e+02    2.313578e+00    3.398255e+00    3.976741e+01
  79    2.720262e+01    1.207116e+03   -1.047345e+02    2.313578e+00    3.398255e+00    3.976741e+01    0.000000e+00    0.000000e+00    0.000000e+00    3.076878e-17   -1.354308e-17   -1.007887e-15
