# Element_num    Fx_n    Fy_n    Fz_n    Mx_n    My_n    Mz_n    Fx_n+1    Fy_n+1    Fz_n+1    Mx_n+1    My_n+1    Mz_n+1 
   1    0.000000e+00    0.000000e+00    0.000000e+00    0.000000e+00    0.000000e+00    0.000000e+00   -2.975373e+01    8.312758e+01   -2.273986e+00    0.000000e+00    0.000000e+00    0.000000e+00
   2   -2.975373e+01    8.312758e+01   -2.273986e+00    0.000000e+00    0.000000e+00    0.000000e+00   -3.782823e+01    8.585998e+01   -2.831451e+00    0.000000e+00    0.000000e+00    0.000000e+00
   3   -3.782823e+01    8.585998e+01   -2.831451e+00    0.000000e+00    0.000000e+00    0.000000e+00   -4.481127e+01    9.085023e+01   -3.528745e+00    0.000000e+00    0.000000e+00    0.000000e+00
   4   -4.481127e+01    9.085023e+01   -3.528745e+00    0.000000e+00    0.000000e+00    0.000000e+00   -4.616820e+01    1.019256e+02   -4.045850e+00    0.000000e+00    0.000000e+00    0.000000e+00
   5   -4.616820e+01    1.019256e+02   -4.045850e+00    0.000000e+00    0.000000e+00    0.000000e+00   -3.178673e+01    1.280763e+02   -4.363770e+00    0.000000e+00    0.000000e+00    0.000000e+00
   6   -3.178673e+01    1.280763e+02   -4.363770e+00    0.000000e+00    0.000000e+00    0.000000e+00   -1.948715e-02    1.717117e+02   -4.278444e+00    0.000000e+00    0.000000e+00    0.000000e+00
   7   -1.948715e-02    1.717117e+02   -4.278444e+00    0.000000e+00    0.000000e+00    0.000000e+00    4.800836e+01    2.348547e+02   -3.976831e+00    0.000000e+00    0.000000e+00    0.000000e+00
   8    4.800836e+01    2.348547e+02   -3.976831e+00    0.000000e+00    0.000000e+00    0.000000e+00    1.316542e+02    3.362147e+02   -2.934521e+00    0.000000e+00    0.000000e+00    0.000000e+00
   9    1.316542e+02    3.362147e+02   -2.934521e+00    0.000000e+00    0.000000e+00    0.000000e+00    2.677357e+02    5.244312e+02   -1.740047e+00    0.000000e+00    0.000000e+00    0.000000e+00
  10    2.677357e+02    5.244312e+02   -1.740047e+00    0.000000e+00    0.000000e+00    0.000000e+00    3.761554e+02    7.290445e+02   -2.081668e+00    0.000000e+00    0.000000e+00    0.000000e+00
  11    3.761554e+02    7.290445e+02   -2.081668e+00    0.000000e+00    0.000000e+00    0.000000e+00    4.436256e+02    9.018087e+02   -3.340718e+00    0.000000e+00    0.000000e+00    0.000000e+00
  12    4.436256e+02    9.018087e+02   -3.340718e+00    0.000000e+00    0.000000e+00    0.000000e+00    4.944940e+02    1.062951e+03   -4.680721e+00    0.000000e+00    0.000000e+00    0.000000e+00
  13    4.944940e+02    1.062951e+03   -4.680721e+00    0.000000e+00    0.000000e+00    0.000000e+00    5.336749e+02    1.266368e+03   -6.342222e+00    0.000000e+00    0.000000e+00    0.000000e+00
  14    5.336749e+02    1.266368e+03   -6.342222e+00    0.000000e+00    0.000000e+00    0.000000e+00    5.588105e+02    1.478129e+03   -8.672461e+00    0.000000e+00    0.000000e+00    0.000000e+00
  15    5.588105e+02    1.478129e+03   -8.672461e+00    0.000000e+00    0.000000e+00    0.000000e+00    5.915298e+02    1.715559e+03   -1.121371e+01    0.000000e+00    0.000000e+00    0.000000e+00
  16    5.915298e+02    1.715559e+03   -1.121371e+01    0.000000e+00    0.000000e+00    0.000000e+00    6.141033e+02    1.932373e+03   -1.548419e+01    0.000000e+00    0.000000e+00    0.000000e+00
  17    6.141033e+02    1.932373e+03   -1.548419e+01    0.000000e+00    0.000000e+00    0.000000e+00    6.291187e+02    2.185838e+03   -2.561855e+01    0.000000e+00    0.000000e+00    0.000000e+00
  18    6.291187e+02    2.185838e+03   -2.561855e+01    0.000000e+00    0.000000e+00    0.000000e+00    6.322628e+02    2.414700e+03   -3.995011e+01    0.000000e+00    0.000000e+00    0.000000e+00
  19    6.322628e+02    2.414700e+03   -3.995011e+01    0.000000e+00    0.000000e+00    0.000000e+00    6.285780e+02    2.844592e+03   -6.786101e+01    0.000000e+00    0.000000e+00    0.000000e+00
  20    6.285780e+02    2.844592e+03   -6.786101e+01    0.000000e+00    0.000000e+00    0.000000e+00    6.238243e+02    3.261164e+03   -1.038630e+02    0.000000e+00    0.000000e+00    0.000000e+00
  21    6.238243e+02    3.261164e+03   -1.038630e+02    0.000000e+00    0.000000e+00    0.000000e+00    6.195752e+02    3.670539e+03   -1.253230e+02    0.000000e+00    0.000000e+00    0.000000e+00
  22    6.195752e+02    3.670539e+03   -1.253230e+02    0.000000e+00    0.000000e+00    0.000000e+00    6.159317e+02    4.086051e+03   -1.412616e+02    0.000000e+00    0.000000e+00    0.000000e+00
  23    6.159317e+02    4.086051e+03   -1.412616e+02    0.000000e+00    0.000000e+00    0.000000e+00    6.120945e+02    4.499146e+03   -1.770425e+02    0.000000e+00    0.000000e+00    0.000000e+00
  24    6.120945e+02    4.499146e+03   -1.770425e+02    0.000000e+00    0.000000e+00    0.000000e+00    6.086401e+02    4.916634e+03   -2.117425e+02    0.000000e+00    0.000000e+00    0.000000e+00
  25    6.086401e+02    4.916634e+03   -2.117425e+02    0.000000e+00    0.000000e+00    0.000000e+00    6.060574e+02    5.332412e+03   -2.380153e+02    0.000000e+00    0.000000e+00    0.000000e+00
  26    6.060574e+02    5.332412e+03   -2.380153e+02    0.000000e+00    0.000000e+00    0.000000e+00    6.023296e+02    5.745742e+03   -2.965287e+02    0.000000e+00    0.000000e+00    0.000000e+00
  27    6.023296e+02    5.745742e+03   -2.965287e+02    0.000000e+00    0.000000e+00    0.000000e+00    5.974904e+02    6.167079e+03   -3.782998e+02    0.000000e+00    0.000000e+00    0.000000e+00
  28    5.974904e+02    6.167079e+03   -3.782998e+02    0.000000e+00    0.000000e+00    0.000000e+00    5.897221e+02    6.655036e+03   -4.645149e+02    0.000000e+00    0.000000e+00    0.000000e+00
  29    5.897221e+02    6.655036e+03   -4.645149e+02    0.000000e+00    0.000000e+00    0.000000e+00    5.743961e+02    7.089483e+03   -5.708584e+02    0.000000e+00    0.000000e+00    0.000000e+00
  30    5.743961e+02    7.089483e+03   -5.708584e+02    0.000000e+00    0.000000e+00    0.000000e+00    5.509271e+02    7.229580e+03   -6.712269e+02    0.000000e+00    0.000000e+00    0.000000e+00
  31    5.509271e+02    7.229580e+03   -6.712269e+02    0.000000e+00    0.000000e+00    0.000000e+00    5.073060e+02    7.023339e+03   -7.108659e+02    0.000000e+00    0.000000e+00    0.000000e+00
  32    5.073060e+02    7.023339e+03   -7.108659e+02    0.000000e+00    0.000000e+00    0.000000e+00    4.152574e+02    6.381765e+03   -6.652021e+02    0.000000e+00    0.000000e+00    0.000000e+00
  33    4.152574e+02    6.381765e+03   -6.652021e+02    0.000000e+00    0.000000e+00    0.000000e+00    0.000000e+00    0.000000e+00    0.000000e+00    0.000000e+00    0.000000e+00    0.000000e+00
