# Element_num    Fx_n    Fy_n    Fz_n    Mx_n    My_n    Mz_n    Fx_n+1    Fy_n+1    Fz_n+1    Mx_n+1    My_n+1    Mz_n+1 
   1    0.000000e+00    0.000000e+00    0.000000e+00   -7.314269e-16   -2.211852e-17    3.287803e-15   -2.243404e+01    7.760480e+01   -1.815211e+00   -2.367512e+00    1.254744e+00    8.290333e+01
   2   -2.243404e+01    7.760480e+01   -1.815211e+00   -2.367512e+00    1.254744e+00    8.290333e+01   -2.467822e+01    7.824983e+01   -1.959777e+00   -2.444589e+00    1.299321e+00    8.266234e+01
   3   -2.467822e+01    7.824983e+01   -1.959777e+00   -2.444589e+00    1.299321e+00    8.266234e+01   -2.848882e+01    7.940370e+01   -2.207726e+00   -2.565670e+00    1.369869e+00    8.237688e+01
   4   -2.848882e+01    7.940370e+01   -2.207726e+00   -2.565670e+00    1.369869e+00    8.237688e+01   -3.405938e+01    8.122690e+01   -2.569491e+00   -2.720171e+00    1.460818e+00    8.223613e+01
   5   -3.405938e+01    8.122690e+01   -2.569491e+00   -2.720171e+00    1.460818e+00    8.223613e+01   -4.169729e+01    8.391166e+01   -3.052490e+00   -2.889685e+00    1.562171e+00    8.241678e+01
   6   -4.169729e+01    8.391166e+01   -3.052490e+00   -2.889685e+00    1.562171e+00    8.241678e+01   -4.492773e+01    9.351060e+01   -3.613927e+00   -3.127739e+00    1.713512e+00    8.322075e+01
   7   -4.492773e+01    9.351060e+01   -3.613927e+00   -3.127739e+00    1.713512e+00    8.322075e+01   -2.489618e+01    1.261112e+02   -3.851132e+00   -3.898221e+00    2.152440e+00    9.568556e+01
   8   -2.489618e+01    1.261112e+02   -3.851132e+00   -3.898221e+00    2.152440e+00    9.568556e+01    3.004022e+01    1.953574e+02   -3.204446e+00   -6.433057e+00    3.457861e+00    1.504997e+02
   9    3.004022e+01    1.953574e+02   -3.204446e+00   -6.433057e+00    3.457861e+00    1.504997e+02    1.808527e+02    3.790765e+02   -6.585489e-01   -1.926359e+01    9.950104e+00    4.372928e+02
  10    1.808527e+02    3.790765e+02   -6.585489e-01   -1.926359e+01    9.950104e+00    4.372928e+02    3.736587e+02    7.284001e+02    1.027952e+00   -4.177969e+01    2.011161e+01    9.358833e+02
  11    3.736587e+02    7.284001e+02    1.027952e+00   -4.177969e+01    2.011161e+01    9.358833e+02    4.537289e+02    9.764389e+02    1.525249e+00   -5.217191e+01    2.239798e+01    1.181212e+03
  12    4.537289e+02    9.764389e+02    1.525249e+00   -5.217191e+01    2.239798e+01    1.181212e+03    4.915642e+02    1.169703e+03    3.873111e+00   -5.467039e+01    1.867506e+01    1.298630e+03
  13    4.915642e+02    1.169703e+03    3.873111e+00   -5.467039e+01    1.867506e+01    1.298630e+03    5.221094e+02    1.399224e+03    9.050460e+00   -5.512888e+01    1.127022e+01    1.437910e+03
  14    5.221094e+02    1.399224e+03    9.050460e+00   -5.512888e+01    1.127022e+01    1.437910e+03    5.571764e+02    1.632960e+03    1.208995e+01   -4.794525e+01    4.727831e+00    1.571024e+03
  15    5.571764e+02    1.632960e+03    1.208995e+01   -4.794525e+01    4.727831e+00    1.571024e+03    5.800187e+02    1.862483e+03    1.262008e+01   -3.128839e+01   -1.749209e+00    1.696164e+03
  16    5.800187e+02    1.862483e+03    1.262008e+01   -3.128839e+01   -1.749209e+00    1.696164e+03    5.896551e+02    2.082946e+03    1.193266e+01   -1.365257e+01   -6.435309e+00    1.797982e+03
  17    5.896551e+02    2.082946e+03    1.193266e+01   -1.365257e+01   -6.435309e+00    1.797982e+03    5.886489e+02    2.290422e+03    1.147077e+01    1.771400e-02   -9.401452e+00    1.876323e+03
  18    5.886489e+02    2.290422e+03    1.147077e+01    1.771400e-02   -9.401452e+00    1.876323e+03    5.852930e+02    2.489171e+03    1.316533e+01    5.817875e+00   -1.157501e+01    1.929843e+03
  19    5.852930e+02    2.489171e+03    1.316533e+01    5.817875e+00   -1.157501e+01    1.929843e+03    5.818548e+02    2.693213e+03    1.457675e+01    9.949824e+00   -1.282207e+01    1.971854e+03
  20    5.818548e+02    2.693213e+03    1.457675e+01    9.949824e+00   -1.282207e+01    1.971854e+03    5.784473e+02    2.897837e+03    1.828340e+01    1.136320e+01   -1.493539e+01    2.007685e+03
  21    5.784473e+02    2.897837e+03    1.828340e+01    1.136320e+01   -1.493539e+01    2.007685e+03    5.749525e+02    3.102657e+03    3.091599e+01    9.734276e+00   -2.214245e+01    2.041134e+03
  22    5.749525e+02    3.102657e+03    3.091599e+01    9.734276e+00   -2.214245e+01    2.041134e+03    5.720486e+02    3.313273e+03    5.456842e+01    9.710260e+00   -3.595617e+01    2.081385e+03
  23    5.720486e+02    3.313273e+03    5.456842e+01    9.710260e+00   -3.595617e+01    2.081385e+03    5.693806e+02    3.523876e+03    8.177587e+01    1.133346e+01   -5.103842e+01    2.120430e+03
  24    5.693806e+02    3.523876e+03    8.177587e+01    1.133346e+01   -5.103842e+01    2.120430e+03    5.671405e+02    3.736992e+03    1.031783e+02    1.372622e+01   -6.176774e+01    2.161704e+03
  25    5.671405e+02    3.736992e+03    1.031783e+02    1.372622e+01   -6.176774e+01    2.161704e+03    5.654704e+02    3.955360e+03    1.193347e+02    1.666082e+01   -6.895844e+01    2.206687e+03
  26    5.654704e+02    3.955360e+03    1.193347e+02    1.666082e+01   -6.895844e+01    2.206687e+03    5.642527e+02    4.171529e+03    1.539449e+02    1.900426e+01   -8.564323e+01    2.251065e+03
  27    5.642527e+02    4.171529e+03    1.539449e+02    1.900426e+01   -8.564323e+01    2.251065e+03    5.632662e+02    4.382905e+03    1.982186e+02    2.108256e+01   -1.063764e+02    2.292230e+03
  28    5.632662e+02    4.382905e+03    1.982186e+02    2.108256e+01   -1.063764e+02    2.292230e+03    5.625303e+02    4.592908e+03    2.368446e+02    2.324324e+01   -1.230915e+02    2.331794e+03
  29    5.625303e+02    4.592908e+03    2.368446e+02    2.324324e+01   -1.230915e+02    2.331794e+03    5.621513e+02    4.804149e+03    2.667567e+02    2.543167e+01   -1.347100e+02    2.372464e+03
  30    5.621513e+02    4.804149e+03    2.667567e+02    2.543167e+01   -1.347100e+02    2.372464e+03    5.625363e+02    5.018293e+03    2.912248e+02    2.720928e+01   -1.435972e+02    2.421863e+03
  31    5.625363e+02    5.018293e+03    2.912248e+02    2.720928e+01   -1.435972e+02    2.421863e+03    5.646039e+02    5.251697e+03    3.237462e+02    2.855341e+01   -1.566473e+02    2.491281e+03
  32    5.646039e+02    5.251697e+03    3.237462e+02    2.855341e+01   -1.566473e+02    2.491281e+03    5.679357e+02    5.513217e+03    3.626826e+02    2.942877e+01   -1.721490e+02    2.570790e+03
  33    5.679357e+02    5.513217e+03    3.626826e+02    2.942877e+01   -1.721490e+02    2.570790e+03    5.705180e+02    5.779084e+03    4.035012e+02    2.983688e+01   -1.868036e+02    2.633279e+03
  34    5.705180e+02    5.779084e+03    4.035012e+02    2.983688e+01   -1.868036e+02    2.633279e+03    5.704546e+02    6.013341e+03    4.394352e+02    3.004998e+01   -1.964395e+02    2.649118e+03
  35    5.704546e+02    6.013341e+03    4.394352e+02    3.004998e+01   -1.964395e+02    2.649118e+03    5.669115e+02    6.173890e+03    4.651386e+02    3.027804e+01   -1.998282e+02    2.615463e+03
  36    5.669115e+02    6.173890e+03    4.651386e+02    3.027804e+01   -1.998282e+02    2.615463e+03    5.591976e+02    6.245209e+03    4.838390e+02    3.024592e+01   -1.987033e+02    2.529829e+03
  37    5.591976e+02    6.245209e+03    4.838390e+02    3.024592e+01   -1.987033e+02    2.529829e+03    5.471205e+02    6.233024e+03    4.991950e+02    2.971434e+01   -1.950261e+02    2.402558e+03
  38    5.471205e+02    6.233024e+03    4.991950e+02    2.971434e+01   -1.950261e+02    2.402558e+03    5.310736e+02    6.160740e+03    5.102583e+02    2.830929e+01   -1.890705e+02    2.253329e+03
  39    5.310736e+02    6.160740e+03    5.102583e+02    2.830929e+01   -1.890705e+02    2.253329e+03    5.114466e+02    6.045073e+03    5.188179e+02    2.549794e+01   -1.819609e+02    2.095005e+03
  40    5.114466e+02    6.045073e+03    5.188179e+02    2.549794e+01   -1.819609e+02    2.095005e+03    4.878637e+02    5.885654e+03    5.222401e+02    2.299217e+01   -1.731242e+02    1.929634e+03
  41    4.878637e+02    5.885654e+03    5.222401e+02    2.299217e+01   -1.731242e+02    1.929634e+03    4.600792e+02    5.687296e+03    5.160572e+02    2.270212e+01   -1.616469e+02    1.761217e+03
  42    4.600792e+02    5.687296e+03    5.160572e+02    2.270212e+01   -1.616469e+02    1.761217e+03    4.281516e+02    5.461798e+03    5.011678e+02    2.829162e+01   -1.486928e+02    1.596306e+03
  43    4.281516e+02    5.461798e+03    5.011678e+02    2.829162e+01   -1.486928e+02    1.596306e+03    3.910867e+02    5.205491e+03    4.795667e+02    4.372007e+01   -1.353119e+02    1.433099e+03
  44    3.910867e+02    5.205491e+03    4.795667e+02    4.372007e+01   -1.353119e+02    1.433099e+03    3.467721e+02    4.905784e+03    4.543732e+02    5.355475e+01   -1.210599e+02    1.266190e+03
  45    3.467721e+02    4.905784e+03    4.543732e+02    5.355475e+01   -1.210599e+02    1.266190e+03    2.911156e+02    4.532530e+03    4.237785e+02    5.133344e+01   -1.044615e+02    1.082006e+03
  46    2.911156e+02    4.532530e+03    4.237785e+02    5.133344e+01   -1.044615e+02    1.082006e+03    2.225319e+02    4.008176e+03    3.787658e+02    4.184136e+01   -8.249303e+01    8.483753e+02
  47    2.225319e+02    4.008176e+03    3.787658e+02    4.184136e+01   -8.249303e+01    8.483753e+02    1.452567e+02    3.193574e+03    3.048719e+02    2.654866e+01   -5.229671e+01    5.351659e+02
  48    1.452567e+02    3.193574e+03    3.048719e+02    2.654866e+01   -5.229671e+01    5.351659e+02    6.467400e+01    2.032705e+03    1.960369e+02    1.030538e+01   -2.038720e+01    2.079949e+02
  49    6.467400e+01    2.032705e+03    1.960369e+02    1.030538e+01   -2.038720e+01    2.079949e+02    0.000000e+00    0.000000e+00    0.000000e+00   -7.314269e-16   -2.211852e-17    3.287803e-15
