# Element_num    Fx_n    Fy_n    Fz_n    Mx_n    My_n    Mz_n    Fx_n+1    Fy_n+1    Fz_n+1    Mx_n+1    My_n+1    Mz_n+1 
   1    0.000000e+00    0.000000e+00    0.000000e+00    1.743555e+02   -1.407031e+02    7.159569e+03   -2.268199e+01    7.923453e+01   -1.852046e+00    1.718786e+02   -1.393840e+02    7.246335e+03
   2   -2.268199e+01    7.923453e+01   -1.852046e+00    1.718786e+02   -1.393840e+02    7.246335e+03   -2.494072e+01    7.987892e+01   -2.001839e+00    1.717956e+02   -1.393318e+02    7.246180e+03
   3   -2.494072e+01    7.987892e+01   -2.001839e+00    1.717956e+02   -1.393318e+02    7.246180e+03   -2.877473e+01    8.103244e+01   -2.258713e+00    1.716646e+02   -1.392482e+02    7.246043e+03
   4   -2.877473e+01    8.103244e+01   -2.258713e+00    1.716646e+02   -1.392482e+02    7.246043e+03   -3.437509e+01    8.285551e+01   -2.633181e+00    1.714961e+02   -1.391386e+02    7.246125e+03
   5   -3.437509e+01    8.285551e+01   -2.633181e+00    1.714961e+02   -1.391386e+02    7.246125e+03   -4.204575e+01    8.554109e+01   -3.132913e+00    1.713092e+02   -1.390127e+02    7.246607e+03
   6   -4.204575e+01    8.554109e+01   -3.132913e+00    1.713092e+02   -1.390127e+02    7.246607e+03   -4.572632e+01    9.537250e+01   -3.742472e+00    1.710654e+02   -1.388369e+02    7.247327e+03
   7   -4.572632e+01    9.537250e+01   -3.742472e+00    1.710654e+02   -1.388369e+02    7.247327e+03   -2.830572e+01    1.276966e+02   -4.148060e+00    1.704801e+02   -1.384613e+02    7.255026e+03
   8   -2.830572e+01    1.276966e+02   -4.148060e+00    1.704801e+02   -1.384613e+02    7.255026e+03    1.908140e+01    1.945694e+02   -3.928403e+00    1.684596e+02   -1.373258e+02    7.298206e+03
   9    1.908140e+01    1.945694e+02   -3.928403e+00    1.684596e+02   -1.373258e+02    7.298206e+03    1.496186e+02    3.559986e+02   -2.227362e+00    1.594859e+02   -1.323260e+02    7.499638e+03
  10    1.496186e+02    3.559986e+02   -2.227362e+00    1.594859e+02   -1.323260e+02    7.499638e+03    3.613628e+02    7.095926e+02   -1.104442e+00    1.349537e+02   -1.192491e+02    8.051644e+03
  11    3.613628e+02    7.095926e+02   -1.104442e+00    1.349537e+02   -1.192491e+02    8.051644e+03    4.758442e+02    1.034606e+03   -2.521665e+00    1.192663e+02   -1.122792e+02    8.426063e+03
  12    4.758442e+02    1.034606e+03   -2.521665e+00    1.192663e+02   -1.122792e+02    8.426063e+03    5.156917e+02    1.246377e+03   -2.917481e+00    1.159730e+02   -1.132242e+02    8.579196e+03
  13    5.156917e+02    1.246377e+03   -2.917481e+00    1.159730e+02   -1.132242e+02    8.579196e+03    5.433150e+02    1.485478e+03   -1.967457e+00    1.156320e+02   -1.171229e+02    8.746651e+03
  14    5.433150e+02    1.485478e+03   -1.967457e+00    1.156320e+02   -1.171229e+02    8.746651e+03    5.792870e+02    1.752343e+03   -4.529141e+00    1.246891e+02   -1.198117e+02    8.890106e+03
  15    5.792870e+02    1.752343e+03   -4.529141e+00    1.246891e+02   -1.198117e+02    8.890106e+03    5.991194e+02    1.989582e+03   -1.042617e+01    1.444489e+02   -1.219666e+02    9.016454e+03
  16    5.991194e+02    1.989582e+03   -1.042617e+01    1.444489e+02   -1.219666e+02    9.016454e+03    6.047588e+02    2.192340e+03   -1.891898e+01    1.648241e+02   -1.214354e+02    9.087636e+03
  17    6.047588e+02    2.192340e+03   -1.891898e+01    1.648241e+02   -1.214354e+02    9.087636e+03    5.957915e+02    2.327349e+03   -2.823908e+01    1.782031e+02   -1.185239e+02    9.068669e+03
  18    5.957915e+02    2.327349e+03   -2.823908e+01    1.782031e+02   -1.185239e+02    9.068669e+03    5.753356e+02    2.378109e+03   -3.593672e+01    1.845947e+02   -1.162171e+02    8.943857e+03
  19    5.753356e+02    2.378109e+03   -3.593672e+01    1.845947e+02   -1.162171e+02    8.943857e+03    5.389213e+02    2.332043e+03   -4.297621e+01    1.873686e+02   -1.152004e+02    8.706621e+03
  20    5.389213e+02    2.332043e+03   -4.297621e+01    1.873686e+02   -1.152004e+02    8.706621e+03    4.799395e+02    2.157937e+03   -4.348123e+01    1.852234e+02   -1.191953e+02    8.346943e+03
  21    4.799395e+02    2.157937e+03   -4.348123e+01    1.852234e+02   -1.191953e+02    8.346943e+03    3.909392e+02    1.826885e+03   -3.474514e+01    1.799552e+02   -1.287269e+02    7.852279e+03
  22    3.909392e+02    1.826885e+03   -3.474514e+01    1.799552e+02   -1.287269e+02    7.852279e+03    2.658679e+02    1.316995e+03   -2.170500e+01    1.748075e+02   -1.398226e+02    7.218529e+03
  23    2.658679e+02    1.316995e+03   -2.170500e+01    1.748075e+02   -1.398226e+02    7.218529e+03    9.642089e+01    5.933028e+02   -7.852759e+00    1.686964e+02   -1.493095e+02    6.439838e+03
  24    9.642089e+01    5.933028e+02   -7.852759e+00    1.686964e+02   -1.493095e+02    6.439838e+03   -1.282102e+02   -3.863684e+02    5.659803e+00    1.599246e+02   -1.601127e+02    5.507669e+03
  25   -1.282102e+02   -3.863684e+02    5.659803e+00    1.599246e+02   -1.601127e+02    5.507669e+03   -4.067443e+02   -1.593092e+03    2.430839e+01    1.474953e+02   -1.747352e+02    4.479771e+03
  26   -4.067443e+02   -1.593092e+03    2.430839e+01    1.474953e+02   -1.747352e+02    4.479771e+03   -7.454998e+02   -2.976249e+03    2.850638e+01    1.398602e+02   -1.675889e+02    3.450395e+03
  27   -7.454998e+02   -2.976249e+03    2.850638e+01    1.398602e+02   -1.675889e+02    3.450395e+03   -1.132979e+03   -4.319149e+03    1.890951e+01    1.396061e+02   -1.507670e+02    2.778823e+03
  28   -1.132979e+03   -4.319149e+03    1.890951e+01    1.396061e+02   -1.507670e+02    2.778823e+03   -1.329953e+03   -4.704997e+03    1.305787e+01    1.428157e+02   -1.440512e+02    2.740845e+03
  29   -1.329953e+03   -4.704997e+03    1.305787e+01    1.428157e+02   -1.440512e+02    2.740845e+03   -1.570150e+03   -5.125776e+03    1.700663e+01    1.402052e+02   -1.452918e+02    2.623604e+03
  30   -1.570150e+03   -5.125776e+03    1.700663e+01    1.402052e+02   -1.452918e+02    2.623604e+03   -1.830645e+03   -5.095846e+03    3.928475e+01    1.398569e+02   -1.594939e+02    3.114497e+03
  31   -1.830645e+03   -5.095846e+03    3.928475e+01    1.398569e+02   -1.594939e+02    3.114497e+03   -2.385124e+03   -3.628651e+03    4.526955e+01    1.550765e+02   -1.561387e+02    4.906549e+03
  32   -2.385124e+03   -3.628651e+03    4.526955e+01    1.550765e+02   -1.561387e+02    4.906549e+03   -3.212528e+03   -2.927329e+03    4.949042e+01    1.664283e+02   -1.497851e+02    6.107804e+03
  33   -3.212528e+03   -2.927329e+03    4.949042e+01    1.664283e+02   -1.497851e+02    6.107804e+03   -4.034759e+03   -3.047541e+03    5.091361e+01    1.720248e+02   -1.446371e+02    6.739384e+03
  34   -4.034759e+03   -3.047541e+03    5.091361e+01    1.720248e+02   -1.446371e+02    6.739384e+03   -4.910800e+03   -3.175320e+03    5.770271e+01    1.728447e+02   -1.443695e+02    6.829235e+03
  35   -4.910800e+03   -3.175320e+03    5.770271e+01    1.728447e+02   -1.443695e+02    6.829235e+03   -5.766815e+03   -2.856452e+03    6.589349e+01    1.736869e+02   -1.427865e+02    7.010746e+03
  36   -5.766815e+03   -2.856452e+03    6.589349e+01    1.736869e+02   -1.427865e+02    7.010746e+03   -6.615113e+03   -2.434197e+03    6.518325e+01    1.744455e+02   -1.403417e+02    7.182194e+03
  37   -6.615113e+03   -2.434197e+03    6.518325e+01    1.744455e+02   -1.403417e+02    7.182194e+03   -7.398849e+03   -1.894835e+03    5.101721e+01    1.748792e+02   -1.374179e+02    7.357541e+03
  38   -7.398849e+03   -1.894835e+03    5.101721e+01    1.748792e+02   -1.374179e+02    7.357541e+03   -8.047920e+03   -1.291758e+03    3.362330e+01    1.748853e+02   -1.343532e+02    7.530347e+03
  39   -8.047920e+03   -1.291758e+03    3.362330e+01    1.748853e+02   -1.343532e+02    7.530347e+03   -8.499831e+03   -6.492594e+02    2.864515e+01    1.753081e+02   -1.298636e+02    7.687929e+03
  40   -8.499831e+03   -6.492594e+02    2.864515e+01    1.753081e+02   -1.298636e+02    7.687929e+03   -8.758274e+03   -2.443668e+01    2.683857e+01    1.763916e+02   -1.238582e+02    7.839346e+03
  41   -8.758274e+03   -2.443668e+01    2.683857e+01    1.763916e+02   -1.238582e+02    7.839346e+03   -8.810464e+03    5.298950e+02    1.241124e+01    1.766249e+02   -1.217937e+02    7.963249e+03
  42   -8.810464e+03    5.298950e+02    1.241124e+01    1.766249e+02   -1.217937e+02    7.963249e+03   -8.734806e+03    1.000838e+03   -2.574136e+00    1.760349e+02   -1.236657e+02    8.085227e+03
  43   -8.734806e+03    1.000838e+03   -2.574136e+00    1.760349e+02   -1.236657e+02    8.085227e+03   -8.538917e+03    1.388837e+03   -2.671167e+01    1.721087e+02   -1.356612e+02    8.139962e+03
  44   -8.538917e+03    1.388837e+03   -2.671167e+01    1.721087e+02   -1.356612e+02    8.139962e+03   -8.300380e+03    1.705666e+03   -4.786585e+01    1.678749e+02   -1.431488e+02    8.196218e+03
  45   -8.300380e+03    1.705666e+03   -4.786585e+01    1.678749e+02   -1.431488e+02    8.196218e+03   -8.024130e+03    1.942954e+03   -6.393621e+01    1.644847e+02   -1.463577e+02    8.226539e+03
  46   -8.024130e+03    1.942954e+03   -6.393621e+01    1.644847e+02   -1.463577e+02    8.226539e+03   -7.573573e+03    2.054115e+03   -7.363706e+01    1.625221e+02   -1.474792e+02    8.187618e+03
  47   -7.573573e+03    2.054115e+03   -7.363706e+01    1.625221e+02   -1.474792e+02    8.187618e+03   -6.551180e+03    1.908705e+03   -7.794601e+01    1.630930e+02   -1.457964e+02    7.981428e+03
  48   -6.551180e+03    1.908705e+03   -7.794601e+01    1.630930e+02   -1.457964e+02    7.981428e+03   -4.732572e+03    1.420848e+03   -7.005051e+01    1.669359e+02   -1.430364e+02    7.613502e+03
  49   -4.732572e+03    1.420848e+03   -7.005051e+01    1.669359e+02   -1.430364e+02    7.613502e+03    0.000000e+00    0.000000e+00    0.000000e+00    1.743555e+02   -1.407031e+02    7.159569e+03
