# Element_num    Fx_n    Fy_n    Fz_n    Mx_n    My_n    Mz_n    Fx_n+1    Fy_n+1    Fz_n+1    Mx_n+1    My_n+1    Mz_n+1 
   1    0.000000e+00    0.000000e+00    0.000000e+00    0.000000e+00    0.000000e+00    0.000000e+00   -2.300005e+01    8.142442e+01   -1.892387e+00    0.000000e+00    0.000000e+00    0.000000e+00
   2   -2.300005e+01    8.142442e+01   -1.892387e+00    0.000000e+00    0.000000e+00    0.000000e+00   -2.529148e+01    8.208789e+01   -2.047942e+00    0.000000e+00    0.000000e+00    0.000000e+00
   3   -2.529148e+01    8.208789e+01   -2.047942e+00    0.000000e+00    0.000000e+00    0.000000e+00   -2.917200e+01    8.326850e+01   -2.314381e+00    0.000000e+00    0.000000e+00    0.000000e+00
   4   -2.917200e+01    8.326850e+01   -2.314381e+00    0.000000e+00    0.000000e+00    0.000000e+00   -3.483353e+01    8.513038e+01   -2.702458e+00    0.000000e+00    0.000000e+00    0.000000e+00
   5   -3.483353e+01    8.513038e+01   -2.702458e+00    0.000000e+00    0.000000e+00    0.000000e+00   -4.257966e+01    8.786994e+01   -3.220086e+00    0.000000e+00    0.000000e+00    0.000000e+00
   6   -4.257966e+01    8.786994e+01   -3.220086e+00    0.000000e+00    0.000000e+00    0.000000e+00   -4.625200e+01    9.790077e+01   -3.856305e+00    0.000000e+00    0.000000e+00    0.000000e+00
   7   -4.625200e+01    9.790077e+01   -3.856305e+00    0.000000e+00    0.000000e+00    0.000000e+00   -2.863154e+01    1.306478e+02   -4.313561e+00    0.000000e+00    0.000000e+00    0.000000e+00
   8   -2.863154e+01    1.306478e+02   -4.313561e+00    0.000000e+00    0.000000e+00    0.000000e+00    1.941036e+01    1.980126e+02   -4.183092e+00    0.000000e+00    0.000000e+00    0.000000e+00
   9    1.941036e+01    1.980126e+02   -4.183092e+00    0.000000e+00    0.000000e+00    0.000000e+00    1.438189e+02    3.515661e+02   -2.834284e+00    0.000000e+00    0.000000e+00    0.000000e+00
  10    1.438189e+02    3.515661e+02   -2.834284e+00    0.000000e+00    0.000000e+00    0.000000e+00    3.701483e+02    7.138572e+02   -2.131621e+00    0.000000e+00    0.000000e+00    0.000000e+00
  11    3.701483e+02    7.138572e+02   -2.131621e+00    0.000000e+00    0.000000e+00    0.000000e+00    4.939500e+02    1.055473e+03   -4.804488e+00    0.000000e+00    0.000000e+00    0.000000e+00
  12    4.939500e+02    1.055473e+03   -4.804488e+00    0.000000e+00    0.000000e+00    0.000000e+00    5.368348e+02    1.276781e+03   -6.816061e+00    0.000000e+00    0.000000e+00    0.000000e+00
  13    5.368348e+02    1.276781e+03   -6.816061e+00    0.000000e+00    0.000000e+00    0.000000e+00    5.653322e+02    1.522473e+03   -8.334858e+00    0.000000e+00    0.000000e+00    0.000000e+00
  14    5.653322e+02    1.522473e+03   -8.334858e+00    0.000000e+00    0.000000e+00    0.000000e+00    6.036662e+02    1.810115e+03   -1.418275e+01    0.000000e+00    0.000000e+00    0.000000e+00
  15    6.036662e+02    1.810115e+03   -1.418275e+01    0.000000e+00    0.000000e+00    0.000000e+00    6.259695e+02    2.080343e+03   -2.420522e+01    0.000000e+00    0.000000e+00    0.000000e+00
  16    6.259695e+02    2.080343e+03   -2.420522e+01    0.000000e+00    0.000000e+00    0.000000e+00    6.345794e+02    2.339093e+03   -3.646952e+01    0.000000e+00    0.000000e+00    0.000000e+00
  17    6.345794e+02    2.339093e+03   -3.646952e+01    0.000000e+00    0.000000e+00    0.000000e+00    6.334130e+02    2.588045e+03   -5.290570e+01    0.000000e+00    0.000000e+00    0.000000e+00
  18    6.334130e+02    2.588045e+03   -5.290570e+01    0.000000e+00    0.000000e+00    0.000000e+00    6.307610e+02    2.830042e+03   -7.153096e+01    0.000000e+00    0.000000e+00    0.000000e+00
  19    6.307610e+02    2.830042e+03   -7.153096e+01    0.000000e+00    0.000000e+00    0.000000e+00    6.277855e+02    3.078221e+03   -9.387711e+01    0.000000e+00    0.000000e+00    0.000000e+00
  20    6.277855e+02    3.078221e+03   -9.387711e+01    0.000000e+00    0.000000e+00    0.000000e+00    6.249796e+02    3.328845e+03   -1.166934e+02    0.000000e+00    0.000000e+00    0.000000e+00
  21    6.249796e+02    3.328845e+03   -1.166934e+02    0.000000e+00    0.000000e+00    0.000000e+00    6.223223e+02    3.582900e+03   -1.316068e+02    0.000000e+00    0.000000e+00    0.000000e+00
  22    6.223223e+02    3.582900e+03   -1.316068e+02    0.000000e+00    0.000000e+00    0.000000e+00    6.198867e+02    3.845533e+03   -1.426107e+02    0.000000e+00    0.000000e+00    0.000000e+00
  23    6.198867e+02    3.845533e+03   -1.426107e+02    0.000000e+00    0.000000e+00    0.000000e+00    6.175569e+02    4.108528e+03   -1.547077e+02    0.000000e+00    0.000000e+00    0.000000e+00
  24    6.175569e+02    4.108528e+03   -1.547077e+02    0.000000e+00    0.000000e+00    0.000000e+00    6.151024e+02    4.372543e+03   -1.776701e+02    0.000000e+00    0.000000e+00    0.000000e+00
  25    6.151024e+02    4.372543e+03   -1.776701e+02    0.000000e+00    0.000000e+00    0.000000e+00    6.123545e+02    4.639420e+03   -2.133537e+02    0.000000e+00    0.000000e+00    0.000000e+00
  26    6.123545e+02    4.639420e+03   -2.133537e+02    0.000000e+00    0.000000e+00    0.000000e+00    6.102456e+02    4.905860e+03   -2.332789e+02    0.000000e+00    0.000000e+00    0.000000e+00
  27    6.102456e+02    4.905860e+03   -2.332789e+02    0.000000e+00    0.000000e+00    0.000000e+00    6.085038e+02    5.170303e+03   -2.515323e+02    0.000000e+00    0.000000e+00    0.000000e+00
  28    6.085038e+02    5.170303e+03   -2.515323e+02    0.000000e+00    0.000000e+00    0.000000e+00    6.065131e+02    5.430721e+03   -2.809583e+02    0.000000e+00    0.000000e+00    0.000000e+00
  29    6.065131e+02    5.430721e+03   -2.809583e+02    0.000000e+00    0.000000e+00    0.000000e+00    6.038579e+02    5.686405e+03   -3.254893e+02    0.000000e+00    0.000000e+00    0.000000e+00
  30    6.038579e+02    5.686405e+03   -3.254893e+02    0.000000e+00    0.000000e+00    0.000000e+00    6.006783e+02    5.935055e+03   -3.838483e+02    0.000000e+00    0.000000e+00    0.000000e+00
  31    6.006783e+02    5.935055e+03   -3.838483e+02    0.000000e+00    0.000000e+00    0.000000e+00    5.973792e+02    6.194061e+03   -4.394292e+02    0.000000e+00    0.000000e+00    0.000000e+00
  32    5.973792e+02    6.194061e+03   -4.394292e+02    0.000000e+00    0.000000e+00    0.000000e+00    5.929759e+02    6.470651e+03   -4.969332e+02    0.000000e+00    0.000000e+00    0.000000e+00
  33    5.929759e+02    6.470651e+03   -4.969332e+02    0.000000e+00    0.000000e+00    0.000000e+00    5.864716e+02    6.741563e+03   -5.592935e+02    0.000000e+00    0.000000e+00    0.000000e+00
  34    5.864716e+02    6.741563e+03   -5.592935e+02    0.000000e+00    0.000000e+00    0.000000e+00    5.775454e+02    6.977442e+03   -6.288043e+02    0.000000e+00    0.000000e+00    0.000000e+00
  35    5.775454e+02    6.977442e+03   -6.288043e+02    0.000000e+00    0.000000e+00    0.000000e+00    5.668546e+02    7.136338e+03   -7.022143e+02    0.000000e+00    0.000000e+00    0.000000e+00
  36    5.668546e+02    7.136338e+03   -7.022143e+02    0.000000e+00    0.000000e+00    0.000000e+00    5.543012e+02    7.204103e+03   -7.685105e+02    0.000000e+00    0.000000e+00    0.000000e+00
  37    5.543012e+02    7.204103e+03   -7.685105e+02    0.000000e+00    0.000000e+00    0.000000e+00    5.391609e+02    7.186853e+03   -8.188928e+02    0.000000e+00    0.000000e+00    0.000000e+00
  38    5.391609e+02    7.186853e+03   -8.188928e+02    0.000000e+00    0.000000e+00    0.000000e+00    5.204346e+02    7.104645e+03   -8.541738e+02    0.000000e+00    0.000000e+00    0.000000e+00
  39    5.204346e+02    7.104645e+03   -8.541738e+02    0.000000e+00    0.000000e+00    0.000000e+00    4.977891e+02    6.972952e+03   -8.727787e+02    0.000000e+00    0.000000e+00    0.000000e+00
  40    4.977891e+02    6.972952e+03   -8.727787e+02    0.000000e+00    0.000000e+00    0.000000e+00    4.708332e+02    6.790823e+03   -8.756878e+02    0.000000e+00    0.000000e+00    0.000000e+00
  41    4.708332e+02    6.790823e+03   -8.756878e+02    0.000000e+00    0.000000e+00    0.000000e+00    4.390412e+02    6.564523e+03   -8.677620e+02    0.000000e+00    0.000000e+00    0.000000e+00
  42    4.390412e+02    6.564523e+03   -8.677620e+02    0.000000e+00    0.000000e+00    0.000000e+00    4.016208e+02    6.304492e+03   -8.514060e+02    0.000000e+00    0.000000e+00    0.000000e+00
  43    4.016208e+02    6.304492e+03   -8.514060e+02    0.000000e+00    0.000000e+00    0.000000e+00    3.569579e+02    6.004559e+03   -8.245817e+02    0.000000e+00    0.000000e+00    0.000000e+00
  44    3.569579e+02    6.004559e+03   -8.245817e+02    0.000000e+00    0.000000e+00    0.000000e+00    3.037208e+02    5.652038e+03   -7.828932e+02    0.000000e+00    0.000000e+00    0.000000e+00
  45    3.037208e+02    5.652038e+03   -7.828932e+02    0.000000e+00    0.000000e+00    0.000000e+00    2.407801e+02    5.225525e+03   -7.236420e+02    0.000000e+00    0.000000e+00    0.000000e+00
  46    2.407801e+02    5.225525e+03   -7.236420e+02    0.000000e+00    0.000000e+00    0.000000e+00    1.699980e+02    4.646236e+03   -6.400951e+02    0.000000e+00    0.000000e+00    0.000000e+00
  47    1.699980e+02    4.646236e+03   -6.400951e+02    0.000000e+00    0.000000e+00    0.000000e+00    9.847241e+01    3.739902e+03   -5.117038e+02    0.000000e+00    0.000000e+00    0.000000e+00
  48    9.847241e+01    3.739902e+03   -5.117038e+02    0.000000e+00    0.000000e+00    0.000000e+00    3.255339e+01    2.435279e+03   -3.306513e+02    0.000000e+00    0.000000e+00    0.000000e+00
  49    3.255339e+01    2.435279e+03   -3.306513e+02    0.000000e+00    0.000000e+00    0.000000e+00    0.000000e+00    0.000000e+00    0.000000e+00    0.000000e+00    0.000000e+00    0.000000e+00
