# Node_num    Fx      Fy      Fz      Mx      My      Mz 
   1    2.516568e-01   -1.940918e-06    8.828052e+01   -1.063535e-02    2.631524e-03    2.716716e-06
   2    9.721157e-01   -1.928467e-05    3.538850e+02   -2.451795e-02    4.774976e-02   -1.512163e-04
   3    1.788174e+00   -6.005781e-05    7.110041e+02   -4.249616e-02    9.875752e-02   -3.123690e-04
   4    2.292163e+00   -1.486587e-04    1.074485e+03   -4.669075e-02    1.570351e-01   -4.812966e-04
   5    2.327952e+00   -3.164317e-04    1.447239e+03   -3.082542e-02    2.253745e-01   -6.168695e-04
   6    1.740317e+00   -6.035548e-04    1.831841e+03    1.357320e-02    3.081487e-01   -6.401275e-04
   7    3.757318e-01   -1.044216e-03    2.230433e+03    9.369535e-02    4.090418e-01   -4.037607e-04
   8   -1.914596e+00   -1.816012e-03    2.644618e+03    2.385395e-01    5.285395e-01    2.159851e-03
   9   -5.266322e+00   -2.752294e-04    3.075679e+03    1.237388e+00    5.817837e-01    6.983585e-03
  10   -9.805916e+00    1.674911e-03    3.524193e+03    3.707578e+00    4.994335e-01    1.308857e-02
  11   -1.552551e+01   -1.054442e-02    3.989235e+03    7.138483e+00    2.504585e-01    4.520982e-02
  12   -2.153695e+01   -5.609113e-03    4.458812e+03    9.651591e+00   -1.202996e+01    1.194646e-01
  13   -2.647493e+01    1.517975e-01    4.915895e+03    8.719259e+00   -5.197267e+01    2.237233e-02
  14   -3.185352e+01   -1.220102e-01    5.368202e+03    6.096612e+00   -1.055191e+02    5.000595e-02
  15   -3.774930e+01   -8.435695e-02    5.818017e+03   -2.258326e+00   -1.724429e+02    2.399745e-02
  16   -4.421075e+01   -3.147661e-03    6.256641e+03   -1.485652e+01   -2.527078e+02   -7.730266e-02
  17   -5.133624e+01   -5.012550e-02    6.687858e+03   -3.059826e+01   -3.472816e+02   -2.045939e-01
  18   -5.888012e+01   -9.025691e-02    7.099718e+03   -4.901597e+01   -4.552016e+02   -3.433179e-01
  19   -6.746087e+01   -9.339722e-02    7.513315e+03   -6.852052e+01   -5.766289e+02   -5.826355e-01
  20   -7.627165e+01   -1.181247e-01    7.893748e+03   -8.938120e+01   -7.101600e+02   -8.307411e-01
  21   -8.508988e+01   -1.479171e-01    8.225184e+03   -1.111577e+02   -8.542050e+02   -1.114177e+00
  22   -9.542290e+01   -2.220140e-01    8.563586e+03   -1.290834e+02   -9.978183e+02   -1.418386e+00
  23   -1.120823e+02   -6.694483e-02    9.152063e+03   -1.312665e+02   -1.135340e+03   -1.486598e+00
  24   -1.315251e+02   -5.334837e-02    9.819609e+03   -1.271176e+02   -1.276900e+03   -1.528876e+00
  25   -1.515948e+02   -5.922856e-01    1.046935e+04   -1.203201e+02   -1.423083e+03   -2.025966e+00
  26   -1.724868e+02   -2.711765e-01    1.086714e+04   -1.062038e+02   -1.485382e+03   -1.823575e+00
  27   -1.904052e+02   -1.638886e-02    1.100988e+04   -8.674472e+01   -1.472340e+03   -1.384808e+00
  28   -2.054990e+02   -9.193933e-03    1.103907e+04   -6.603288e+01   -1.441981e+03   -1.043400e+00
  29   -2.171481e+02   -1.423883e-02    1.094816e+04   -4.433644e+01   -1.394976e+03   -5.706028e-01
  30   -2.245528e+02   -4.306584e-02    1.072218e+04   -2.248839e+01   -1.330637e+03    8.138687e-02
  31   -2.268180e+02    9.615849e-01    1.037831e+04   -5.238869e+00   -1.259015e+03   -1.768661e+00
  32   -2.312554e+02    2.323105e-01    1.026218e+04    1.521357e+01   -1.259258e+03    2.408433e-01
  33   -2.335615e+02    2.450667e-01    1.013668e+04    3.337013e+01   -1.274028e+03    7.465732e-01
  34   -2.319069e+02    2.843520e-01    9.903631e+03    5.113290e+01   -1.274962e+03    1.169051e+00
  35   -2.260354e+02    3.351200e-01    9.554420e+03    6.761913e+01   -1.259867e+03    1.552987e+00
  36   -2.175997e+02    5.333028e-01    9.145377e+03    8.403287e+01   -1.225894e+03    1.810080e+00
  37   -2.163865e+02    3.700238e-01    9.130248e+03    1.025893e+02   -1.221566e+03    2.473199e+00
  38   -2.171846e+02    3.707433e-01    9.216104e+03    1.236272e+02   -1.214769e+03    2.978370e+00
  39   -2.153082e+02    3.604238e-01    9.255388e+03    1.439117e+02   -1.200662e+03    3.419359e+00
  40   -2.104332e+02    1.701266e-01    9.245639e+03    1.630003e+02   -1.179863e+03    3.775256e+00
  41   -2.046777e+02   -3.445149e-01    9.319980e+03    1.769757e+02   -1.173540e+03    3.914215e+00
  42   -2.044746e+02    7.624310e-02    9.580697e+03    1.850734e+02   -1.195957e+03    3.947706e+00
  43   -2.019528e+02    6.040903e-02    9.838968e+03    1.914247e+02   -1.219315e+03    3.929553e+00
  44   -1.981073e+02    3.337039e-02    1.008049e+04    1.974264e+02   -1.240006e+03    3.883576e+00
  45   -1.918526e+02   -2.838134e-01    1.033136e+04    2.030833e+02   -1.263722e+03    3.846117e+00
  46   -1.890419e+02    1.507235e-02    1.063200e+04    2.061722e+02   -1.300731e+03    3.705397e+00
  47   -1.845182e+02    1.898488e-02    1.094004e+04    2.080566e+02   -1.342228e+03    3.546202e+00
  48   -1.796003e+02    3.915473e-02    1.123687e+04    2.085409e+02   -1.383005e+03    3.357259e+00
  49   -1.738832e+02   -1.416974e-01    1.153148e+04    2.067501e+02   -1.430562e+03    3.156501e+00
  50   -1.681621e+02    4.743600e-02    1.180407e+04    1.979178e+02   -1.515057e+03    2.836640e+00
  51   -1.620009e+02    6.829490e-02    1.207295e+04    1.871249e+02   -1.607355e+03    2.520352e+00
  52   -1.559206e+02    7.992323e-02    1.232780e+04    1.755628e+02   -1.701469e+03    2.228227e+00
  53   -1.500618e+02   -1.085564e-01    1.256730e+04    1.659272e+02   -1.781643e+03    2.139701e+00
  54   -1.445045e+02    1.050324e-01    1.274746e+04    1.627801e+02   -1.820329e+03    1.910948e+00
  55   -1.388365e+02    1.225705e-01    1.291377e+04    1.601569e+02   -1.849833e+03    1.797176e+00
  56   -1.329217e+02    8.704134e-02    1.306106e+04    1.582020e+02   -1.876165e+03    1.727029e+00
  57   -1.266491e+02    2.152959e-03    1.319478e+04    1.626258e+02   -1.908456e+03    1.816850e+00
  58   -1.201425e+02    1.189272e-01    1.331086e+04    1.776962e+02   -1.956232e+03    1.836670e+00
  59   -1.134013e+02    1.045338e-01    1.341053e+04    1.936273e+02   -2.002027e+03    1.899579e+00
  60   -1.066923e+02    3.533615e-02    1.348857e+04    2.077441e+02   -2.043992e+03    2.068974e+00
  61   -1.001961e+02    5.711723e-02    1.354555e+04    2.217291e+02   -2.062391e+03    2.089639e+00
  62   -9.372417e+01    1.713510e-01    1.358127e+04    2.365311e+02   -2.057075e+03    1.936216e+00
  63   -8.736075e+01    2.138696e-01    1.359494e+04    2.504232e+02   -2.047282e+03    1.925891e+00
  64   -8.002113e+01    3.042727e-02    1.357827e+04    2.634841e+02   -2.055846e+03    1.865668e+00
  65   -6.937165e+01    1.095496e-01    1.344145e+04    2.732399e+02   -2.234034e+03    1.795379e+00
  66   -5.813413e+01    1.669973e-01    1.322347e+04    2.791707e+02   -2.503441e+03    1.746928e+00
  67   -4.716730e+01    1.754744e-01    1.297941e+04    2.852209e+02   -2.758000e+03    1.703371e+00
  68   -3.622290e+01   -1.498908e-01    1.270890e+04    2.908485e+02   -2.998215e+03    1.940526e+00
  69   -2.503938e+01    1.290017e-01    1.238231e+04    2.966034e+02   -3.270777e+03    1.767122e+00
  70   -1.423673e+01    1.681199e-01    1.202545e+04    3.009333e+02   -3.529377e+03    1.841070e+00
  71   -3.730452e+00    2.136645e-01    1.164736e+04    3.052201e+02   -3.756187e+03    1.977176e+00
  72    4.558114e+00   -6.515712e-01    1.127245e+04    3.096804e+02   -3.887192e+03    4.390447e+00
  73    7.369065e+00    2.164418e-01    1.094646e+04    3.197253e+02   -3.929373e+03    3.124404e+00
  74    1.249988e+01    2.611507e-01    1.063236e+04    3.305855e+02   -3.898733e+03    3.361915e+00
  75    1.747972e+01    3.191294e-01    1.030418e+04    3.407369e+02   -3.855361e+03    3.680204e+00
  76    1.964926e+01   -1.393758e+00    9.976336e+03    3.496623e+02   -3.761498e+03    5.414173e+00
  77    1.788460e+01    1.107402e-01    9.533605e+03    3.557731e+02   -3.589113e+03    4.738997e+00
  78    1.932172e+01    1.714693e-01    9.085618e+03    3.582148e+02   -3.370519e+03    4.846838e+00
  79    2.061645e+01    1.962314e-01    8.631049e+03    3.584934e+02   -3.153462e+03    5.013983e+00
  80    2.014828e+01   -1.062490e-01    8.168089e+03    3.550768e+02   -2.932877e+03    5.450613e+00
  81    1.803274e+01    1.296114e-02    7.667594e+03    3.449167e+02   -2.700463e+03    5.501322e+00
  82    1.799713e+01    1.009571e-01    7.144595e+03    3.278361e+02   -2.459983e+03    5.338689e+00
  83    1.792545e+01    1.004130e-01    6.623321e+03    3.086741e+02   -2.227032e+03    5.252017e+00
  84    1.765109e+01    1.319394e-01    6.106012e+03    2.879350e+02   -2.003453e+03    5.229693e+00
  85    1.165591e+01    4.409789e-01    5.599832e+03    2.638016e+02   -1.774751e+03    6.054926e+00
  86    7.599560e+00   -4.560437e-01    5.148606e+03    2.400999e+02   -1.558303e+03    4.538250e+00
  87    7.190483e+00   -4.487275e-01    4.703986e+03    2.153926e+02   -1.348726e+03    3.796148e+00
  88    6.771257e+00   -4.290817e-01    4.269623e+03    1.914846e+02   -1.157527e+03    3.145364e+00
  89    6.330676e+00   -3.621224e-01    3.846611e+03    1.686395e+02   -9.840593e+02    2.583472e+00
  90    6.427195e+00    4.702575e-01    3.453928e+03    1.471195e+02   -8.322218e+02    2.218446e+00
  91    6.349574e+00   -3.032663e-01    3.171751e+03    1.315476e+02   -7.194035e+02    1.702894e+00
  92    6.090714e+00   -2.705703e-01    2.899810e+03    1.170276e+02   -6.178989e+02    1.370339e+00
  93    5.798686e+00   -2.381068e-01    2.637942e+03    1.035076e+02   -5.267999e+02    1.086499e+00
  94    5.460703e+00   -2.065597e-01    2.386700e+03    9.100983e+01   -4.455979e+02    8.474491e-01
  95    5.075190e+00    8.687123e-02    2.145766e+03    7.931070e+01   -3.735542e+02    6.987144e-01
  96    4.848216e+00    4.133970e-01    1.937866e+03    6.890853e+01   -3.104349e+02    6.000215e-01
  97    4.555356e+00   -1.516869e-01    1.773663e+03    6.092769e+01   -2.561819e+02    3.641863e-01
  98    4.225374e+00   -1.316092e-01    1.616508e+03    5.373378e+01   -2.086512e+02    2.628723e-01
  99    3.911461e+00   -1.135945e-01    1.467459e+03    4.723179e+01   -1.676889e+02    1.822718e-01
 100    3.615887e+00   -9.778514e-02    1.326648e+03    4.137311e+01   -1.327060e+02    1.194632e-01
 101    3.341819e+00   -8.350571e-02    1.194164e+03    3.611020e+01   -1.031428e+02    7.189589e-02
 102    3.089062e+00   -6.736632e-02    1.069938e+03    3.139357e+01   -7.845244e+01    3.399419e-02
 103    2.938569e+00    5.323997e-02    9.446889e+02    2.662536e+01   -5.971473e+01   -1.190716e-01
 104    2.668963e+00   -8.761388e-02    8.188092e+02    2.164536e+01   -4.878339e+01   -1.995583e-02
 105    2.378521e+00   -6.852653e-02    6.981098e+02    1.698072e+01   -4.035047e+01   -1.861522e-02
 106    2.099892e+00   -5.275198e-02    5.895509e+02    1.316872e+01   -3.308370e+01   -1.677568e-02
 107    1.832977e+00   -4.010513e-02    4.927182e+02    1.009058e+01   -2.686912e+01   -1.469116e-02
 108    1.580239e+00   -2.995020e-02    4.071382e+02    7.634036e+00   -2.159892e+01   -1.249666e-02
 109    1.343229e+00   -2.200604e-02    3.323344e+02    5.700457e+00   -1.717303e+01   -1.035796e-02
 110    1.124024e+00   -1.587623e-02    2.676952e+02    4.199448e+00   -1.349345e+01   -8.381537e-03
 111    9.237259e-01   -1.126978e-02    2.124749e+02    3.050865e+00   -1.046409e+01   -6.635577e-03
 112    7.444614e-01   -7.808828e-03    1.659478e+02    2.184552e+00   -7.999885e+00   -5.164300e-03
 113    5.866974e-01   -5.288372e-03    1.273333e+02    1.541846e+00   -6.020718e+00   -3.951296e-03
 114    4.504750e-01   -3.460069e-03    9.572716e+01    1.071529e+00   -4.449295e+00   -2.942280e-03
 115    3.350477e-01   -2.126146e-03    7.021483e+01    7.316750e-01   -3.215449e+00   -2.007151e-03
 116    2.390333e-01   -1.113906e-03    4.987414e+01    4.881365e-01   -2.255291e+00   -9.123347e-04
 117    1.592414e-01   -2.606256e-04    3.370645e+01    3.130035e-01   -1.506175e+00    9.616661e-04
 118    9.125965e-02    6.037514e-04    2.069394e+01    1.832972e-01   -9.080539e-01    4.721561e-03
 119    3.213905e-02    1.113587e-03    9.817222e+00    8.106035e-02   -4.084620e-01    9.138826e-03
 120    8.575130e-03    2.224744e-04    2.408492e+00    1.874236e-02   -1.002602e-01    2.156135e-03
