# Element_num    Fx_n    Fy_n    Fz_n    Mx_n    My_n    Mz_n    Fx_n+1    Fy_n+1    Fz_n+1    Mx_n+1    My_n+1    Mz_n+1 
   1    0.000000e+00    0.000000e+00    0.000000e+00    2.255508e-17   -2.448060e-17   -1.323755e-15   -2.198505e+01    8.021081e+01   -1.722818e+00   -2.437933e+00    1.235008e+00    8.861008e+01
   2   -2.198505e+01    8.021081e+01   -1.722818e+00   -2.437933e+00    1.235008e+00    8.861008e+01   -2.238916e+01    8.034222e+01   -1.752188e+00   -2.454882e+00    1.247861e+00    8.858559e+01
   3   -2.238916e+01    8.034222e+01   -1.752188e+00   -2.454882e+00    1.247861e+00    8.858559e+01   -2.302656e+01    8.053020e+01   -1.799802e+00   -2.480082e+00    1.269217e+00    8.851981e+01
   4   -2.302656e+01    8.053020e+01   -1.799802e+00   -2.480082e+00    1.269217e+00    8.851981e+01   -2.390973e+01    8.078768e+01   -1.867020e+00   -2.515684e+00    1.299018e+00    8.842643e+01
   5   -2.390973e+01    8.078768e+01   -1.867020e+00   -2.515684e+00    1.299018e+00    8.842643e+01   -2.504769e+01    8.112276e+01   -1.953271e+00   -2.560268e+00    1.336028e+00    8.831908e+01
   6   -2.504769e+01    8.112276e+01   -1.953271e+00   -2.560268e+00    1.336028e+00    8.831908e+01   -2.644944e+01    8.154590e+01   -2.060447e+00   -2.614569e+00    1.380768e+00    8.820894e+01
   7   -2.644944e+01    8.154590e+01   -2.060447e+00   -2.614569e+00    1.380768e+00    8.820894e+01   -2.812663e+01    8.206713e+01   -2.188647e+00   -2.677658e+00    1.432153e+00    8.811204e+01
   8   -2.812663e+01    8.206713e+01   -2.188647e+00   -2.677658e+00    1.432153e+00    8.811204e+01   -3.009313e+01    8.269874e+01   -2.339243e+00   -2.749242e+00    1.490023e+00    8.804402e+01
   9   -3.009313e+01    8.269874e+01   -2.339243e+00   -2.749242e+00    1.490023e+00    8.804402e+01   -3.236625e+01    8.345388e+01   -2.513372e+00   -2.829313e+00    1.553696e+00    8.802365e+01
  10   -3.236625e+01    8.345388e+01   -2.513372e+00   -2.829313e+00    1.553696e+00    8.802365e+01   -3.496695e+01    8.434680e+01   -2.712016e+00   -2.917350e+00    1.622303e+00    8.806988e+01
  11   -3.496695e+01    8.434680e+01   -2.712016e+00   -2.917350e+00    1.622303e+00    8.806988e+01   -3.792014e+01    8.539349e+01   -2.937031e+00   -3.013035e+00    1.695667e+00    8.820256e+01
  12   -3.792014e+01    8.539349e+01   -2.937031e+00   -3.013035e+00    1.695667e+00    8.820256e+01   -4.125554e+01    8.661071e+01   -3.189948e+00   -3.115872e+00    1.773246e+00    8.844316e+01
  13   -4.125554e+01    8.661071e+01   -3.189948e+00   -3.115872e+00    1.773246e+00    8.844316e+01   -4.500901e+01    8.801756e+01   -3.472523e+00   -3.223152e+00    1.852831e+00    8.874025e+01
  14   -4.500901e+01    8.801756e+01   -3.472523e+00   -3.223152e+00    1.852831e+00    8.874025e+01   -4.678828e+01    9.194935e+01   -3.745562e+00   -3.328430e+00    1.930267e+00    8.896351e+01
  15   -4.678828e+01    9.194935e+01   -3.745562e+00   -3.328430e+00    1.930267e+00    8.896351e+01   -4.322485e+01    1.013849e+02   -3.943653e+00   -3.448509e+00    2.015034e+00    8.960101e+01
  16   -4.322485e+01    1.013849e+02   -3.943653e+00   -3.448509e+00    2.015034e+00    8.960101e+01   -3.672191e+01    1.138838e+02   -4.097819e+00   -3.623990e+00    2.130659e+00    9.168960e+01
  17   -3.672191e+01    1.138838e+02   -4.097819e+00   -3.623990e+00    2.130659e+00    9.168960e+01   -2.788318e+01    1.290384e+02   -4.216330e+00   -3.894084e+00    2.300129e+00    9.614625e+01
  18   -2.788318e+01    1.290384e+02   -4.216330e+00   -3.894084e+00    2.300129e+00    9.614625e+01   -1.375029e+01    1.498995e+02   -4.245385e+00   -4.413239e+00    2.614425e+00    1.066062e+02
  19   -1.375029e+01    1.498995e+02   -4.245385e+00   -4.413239e+00    2.614425e+00    1.066062e+02    6.503230e+00    1.780688e+02   -4.181203e+00   -5.280625e+00    3.131835e+00    1.251652e+02
  20    6.503230e+00    1.780688e+02   -4.181203e+00   -5.280625e+00    3.131835e+00    1.251652e+02    3.416027e+01    2.158479e+02   -4.018178e+00   -6.569573e+00    3.893825e+00    1.533172e+02
  21    3.416027e+01    2.158479e+02   -4.018178e+00   -6.569573e+00    3.893825e+00    1.533172e+02    7.998181e+01    2.709095e+02   -3.476190e+00   -8.905832e+00    5.264699e+00    2.053835e+02
  22    7.998181e+01    2.709095e+02   -3.476190e+00   -8.905832e+00    5.264699e+00    2.053835e+02    1.553061e+02    3.626408e+02   -2.538486e+00   -1.452287e+01    8.544134e+00    3.320720e+02
  23    1.553061e+02    3.626408e+02   -2.538486e+00   -1.452287e+01    8.544134e+00    3.320720e+02    2.563173e+02    5.028514e+02   -1.647332e+00   -2.514947e+01    1.469315e+01    5.719723e+02
  24    2.563173e+02    5.028514e+02   -1.647332e+00   -2.514947e+01    1.469315e+01    5.719723e+02    3.441527e+02    6.542124e+02   -1.521933e+00   -3.563260e+01    2.062651e+01    8.088793e+02
  25    3.441527e+02    6.542124e+02   -1.521933e+00   -3.563260e+01    2.062651e+01    8.088793e+02    4.056622e+02    7.971100e+02   -2.215301e+00   -4.396255e+01    2.515239e+01    9.999887e+02
  26    4.056622e+02    7.971100e+02   -2.215301e+00   -4.396255e+01    2.515239e+01    9.999887e+02    4.552523e+02    9.324461e+02   -3.080930e+00   -5.068864e+01    2.858181e+01    1.160324e+03
  27    4.552523e+02    9.324461e+02   -3.080930e+00   -5.068864e+01    2.858181e+01    1.160324e+03    4.994105e+02    1.071187e+03   -4.077345e+00   -5.662740e+01    3.139317e+01    1.311547e+03
  28    4.994105e+02    1.071187e+03   -4.077345e+00   -5.662740e+01    3.139317e+01    1.311547e+03    5.174371e+02    1.158981e+03   -4.820884e+00   -5.844213e+01    3.182904e+01    1.379235e+03
  29    5.174371e+02    1.158981e+03   -4.820884e+00   -5.844213e+01    3.182904e+01    1.379235e+03    5.343218e+02    1.249454e+03   -5.549556e+00   -5.956797e+01    3.189146e+01    1.444881e+03
  30    5.343218e+02    1.249454e+03   -5.549556e+00   -5.956797e+01    3.189146e+01    1.444881e+03    5.450892e+02    1.341304e+03   -6.415685e+00   -6.020587e+01    3.171913e+01    1.516194e+03
  31    5.450892e+02    1.341304e+03   -6.415685e+00   -6.020587e+01    3.171913e+01    1.516194e+03    5.572539e+02    1.443426e+03   -7.192724e+00   -6.024535e+01    3.119962e+01    1.593609e+03
  32    5.572539e+02    1.443426e+03   -7.192724e+00   -6.024535e+01    3.119962e+01    1.593609e+03    5.705657e+02    1.551274e+03   -7.876417e+00   -5.900992e+01    3.015317e+01    1.664056e+03
  33    5.705657e+02    1.551274e+03   -7.876417e+00   -5.900992e+01    3.015317e+01    1.664056e+03    5.882622e+02    1.672302e+03   -8.911140e+00   -5.651907e+01    2.912808e+01    1.735233e+03
  34    5.882622e+02    1.672302e+03   -8.911140e+00   -5.651907e+01    2.912808e+01    1.735233e+03    6.030290e+02    1.793316e+03   -1.065094e+01   -5.262221e+01    2.845154e+01    1.811097e+03
  35    6.030290e+02    1.793316e+03   -1.065094e+01   -5.262221e+01    2.845154e+01    1.811097e+03    6.142057e+02    1.904887e+03   -1.312352e+01   -4.671218e+01    2.799977e+01    1.877964e+03
  36    6.142057e+02    1.904887e+03   -1.312352e+01   -4.671218e+01    2.799977e+01    1.877964e+03    6.232685e+02    2.017318e+03   -1.656317e+01   -3.898433e+01    2.804526e+01    1.948811e+03
  37    6.232685e+02    2.017318e+03   -1.656317e+01   -3.898433e+01    2.804526e+01    1.948811e+03    6.301701e+02    2.127899e+03   -2.086096e+01   -2.981353e+01    2.858186e+01    2.014850e+03
  38    6.301701e+02    2.127899e+03   -2.086096e+01   -2.981353e+01    2.858186e+01    2.014850e+03    6.335783e+02    2.234207e+03   -2.581516e+01   -2.029766e+01    2.973382e+01    2.075190e+03
  39    6.335783e+02    2.234207e+03   -2.581516e+01   -2.029766e+01    2.973382e+01    2.075190e+03    6.353433e+02    2.339159e+03   -3.154550e+01   -1.082377e+01    3.166942e+01    2.130352e+03
  40    6.353433e+02    2.339159e+03   -3.154550e+01   -1.082377e+01    3.166942e+01    2.130352e+03    6.351185e+02    2.440988e+03   -3.769972e+01   -2.800002e+00    3.439822e+01    2.180050e+03
  41    6.351185e+02    2.440988e+03   -3.769972e+01   -2.800002e+00    3.439822e+01    2.180050e+03    6.345650e+02    2.543353e+03   -4.417239e+01    3.320810e+00    3.780357e+01    2.224355e+03
  42    6.345650e+02    2.543353e+03   -4.417239e+01    3.320810e+00    3.780357e+01    2.224355e+03    6.336187e+02    2.639135e+03   -5.155299e+01    1.008472e+01    4.179226e+01    2.263405e+03
  43    6.336187e+02    2.639135e+03   -5.155299e+01    1.008472e+01    4.179226e+01    2.263405e+03    6.324926e+02    2.736471e+03   -5.968618e+01    1.668737e+01    4.626301e+01    2.297886e+03
  44    6.324926e+02    2.736471e+03   -5.968618e+01    1.668737e+01    4.626301e+01    2.297886e+03    6.312325e+02    2.834886e+03   -6.818751e+01    2.170316e+01    5.116983e+01    2.328291e+03
  45    6.312325e+02    2.834886e+03   -6.818751e+01    2.170316e+01    5.116983e+01    2.328291e+03    6.299345e+02    2.934023e+03   -7.710648e+01    2.513031e+01    5.650862e+01    2.355548e+03
  46    6.299345e+02    2.934023e+03   -7.710648e+01    2.513031e+01    5.650862e+01    2.355548e+03    6.285842e+02    3.033186e+03   -8.619334e+01    2.716047e+01    6.202289e+01    2.380690e+03
  47    6.285842e+02    3.033186e+03   -8.619334e+01    2.716047e+01    6.202289e+01    2.380690e+03    6.272958e+02    3.130645e+03   -9.459339e+01    2.822568e+01    6.697191e+01    2.403668e+03
  48    6.272958e+02    3.130645e+03   -9.459339e+01    2.822568e+01    6.697191e+01    2.403668e+03    6.260213e+02    3.227471e+03   -1.017090e+02    2.855665e+01    7.089351e+01    2.425388e+03
  49    6.260213e+02    3.227471e+03   -1.017090e+02    2.855665e+01    7.089351e+01    2.425388e+03    6.247558e+02    3.323957e+03   -1.073110e+02    2.813826e+01    7.368264e+01    2.446137e+03
  50    6.247558e+02    3.323957e+03   -1.073110e+02    2.813826e+01    7.368264e+01    2.446137e+03    6.235322e+02    3.421006e+03   -1.113481e+02    2.709351e+01    7.536736e+01    2.467270e+03
  51    6.235322e+02    3.421006e+03   -1.113481e+02    2.709351e+01    7.536736e+01    2.467270e+03    6.223522e+02    3.519222e+03   -1.141843e+02    2.612348e+01    7.614465e+01    2.489203e+03
  52    6.223522e+02    3.519222e+03   -1.141843e+02    2.612348e+01    7.614465e+01    2.489203e+03    6.212116e+02    3.618191e+03   -1.160916e+02    2.584196e+01    7.615878e+01    2.511899e+03
  53    6.212116e+02    3.618191e+03   -1.160916e+02    2.584196e+01    7.615878e+01    2.511899e+03    6.201095e+02    3.717083e+03   -1.169822e+02    2.631850e+01    7.537135e+01    2.534418e+03
  54    6.201095e+02    3.717083e+03   -1.169822e+02    2.631850e+01    7.537135e+01    2.534418e+03    6.190438e+02    3.814688e+03   -1.169035e+02    2.757322e+01    7.384983e+01    2.555810e+03
  55    6.190438e+02    3.814688e+03   -1.169035e+02    2.757322e+01    7.384983e+01    2.555810e+03    6.179445e+02    3.913138e+03   -1.175119e+02    2.938416e+01    7.273461e+01    2.576575e+03
  56    6.179445e+02    3.913138e+03   -1.175119e+02    2.938416e+01    7.273461e+01    2.576575e+03    6.167433e+02    4.009105e+03   -1.207970e+02    3.130932e+01    7.335896e+01    2.594547e+03
  57    6.167433e+02    4.009105e+03   -1.207970e+02    3.130932e+01    7.335896e+01    2.594547e+03    6.154022e+02    4.103113e+03   -1.276544e+02    3.320289e+01    7.623803e+01    2.610535e+03
  58    6.154022e+02    4.103113e+03   -1.276544e+02    3.320289e+01    7.623803e+01    2.610535e+03    6.139045e+02    4.195529e+03   -1.385002e+02    3.506903e+01    8.152449e+01    2.625031e+03
  59    6.139045e+02    4.195529e+03   -1.385002e+02    3.506903e+01    8.152449e+01    2.625031e+03    6.122906e+02    4.286640e+03   -1.518490e+02    3.687434e+01    8.818776e+01    2.638194e+03
  60    6.122906e+02    4.286640e+03   -1.518490e+02    3.687434e+01    8.818776e+01    2.638194e+03    6.106953e+02    4.377085e+03   -1.636267e+02    3.855488e+01    9.371323e+01    2.650765e+03
  61    6.106953e+02    4.377085e+03   -1.636267e+02    3.855488e+01    9.371323e+01    2.650765e+03    6.092219e+02    4.466561e+03   -1.714051e+02    4.006233e+01    9.672046e+01    2.662784e+03
  62    6.092219e+02    4.466561e+03   -1.714051e+02    4.006233e+01    9.672046e+01    2.662784e+03    6.078661e+02    4.554248e+03   -1.750052e+02    4.137929e+01    9.721395e+01    2.673576e+03
  63    6.078661e+02    4.554248e+03   -1.750052e+02    4.137929e+01    9.721395e+01    2.673576e+03    6.066117e+02    4.639746e+03   -1.755250e+02    4.253970e+01    9.593175e+01    2.682831e+03
  64    6.066117e+02    4.639746e+03   -1.755250e+02    4.253970e+01    9.593175e+01    2.682831e+03    6.053554e+02    4.722458e+03   -1.755979e+02    4.363220e+01    9.443238e+01    2.690043e+03
  65    6.053554e+02    4.722458e+03   -1.755979e+02    4.363220e+01    9.443238e+01    2.690043e+03    6.040138e+02    4.802186e+03   -1.767992e+02    4.471018e+01    9.358714e+01    2.694743e+03
  66    6.040138e+02    4.802186e+03   -1.767992e+02    4.471018e+01    9.358714e+01    2.694743e+03    6.025681e+02    4.879322e+03   -1.793108e+02    4.578088e+01    9.346019e+01    2.697041e+03
  67    6.025681e+02    4.879322e+03   -1.793108e+02    4.578088e+01    9.346019e+01    2.697041e+03    6.009798e+02    4.953183e+03   -1.836014e+02    4.683358e+01    9.429003e+01    2.697048e+03
  68    6.009798e+02    4.953183e+03   -1.836014e+02    4.683358e+01    9.429003e+01    2.697048e+03    5.992072e+02    5.023572e+03   -1.905592e+02    4.783373e+01    9.650909e+01    2.694610e+03
  69    5.992072e+02    5.023572e+03   -1.905592e+02    4.783373e+01    9.650909e+01    2.694610e+03    5.971804e+02    5.090814e+03   -2.007523e+02    4.876920e+01    1.003464e+02    2.689726e+03
  70    5.971804e+02    5.090814e+03   -2.007523e+02    4.876920e+01    1.003464e+02    2.689726e+03    5.949039e+02    5.154121e+03   -2.142802e+02    4.964075e+01    1.057848e+02    2.682279e+03
  71    5.949039e+02    5.154121e+03   -2.142802e+02    4.964075e+01    1.057848e+02    2.682279e+03    5.924072e+02    5.213508e+03   -2.299978e+02    5.042188e+01    1.121837e+02    2.672811e+03
  72    5.924072e+02    5.213508e+03   -2.299978e+02    5.042188e+01    1.121837e+02    2.672811e+03    5.898764e+02    5.269801e+03   -2.454190e+02    5.108291e+01    1.183306e+02    2.663654e+03
  73    5.898764e+02    5.269801e+03   -2.454190e+02    5.108291e+01    1.183306e+02    2.663654e+03    5.874429e+02    5.325364e+03   -2.594306e+02    5.160361e+01    1.236868e+02    2.655783e+03
  74    5.874429e+02    5.325364e+03   -2.594306e+02    5.160361e+01    1.236868e+02    2.655783e+03    5.851915e+02    5.382178e+03   -2.722394e+02    5.202111e+01    1.284498e+02    2.651278e+03
  75    5.851915e+02    5.382178e+03   -2.722394e+02    5.202111e+01    1.284498e+02    2.651278e+03    5.831526e+02    5.441880e+03   -2.842420e+02    5.234473e+01    1.327978e+02    2.649837e+03
  76    5.831526e+02    5.441880e+03   -2.842420e+02    5.234473e+01    1.327978e+02    2.649837e+03    5.812837e+02    5.504719e+03   -2.957797e+02    5.257499e+01    1.368743e+02    2.650674e+03
  77    5.812837e+02    5.504719e+03   -2.957797e+02    5.257499e+01    1.368743e+02    2.650674e+03    5.794708e+02    5.571129e+03   -3.070181e+02    5.265856e+01    1.406214e+02    2.651095e+03
  78    5.794708e+02    5.571129e+03   -3.070181e+02    5.265856e+01    1.406214e+02    2.651095e+03    5.776579e+02    5.639502e+03   -3.183067e+02    5.261941e+01    1.442301e+02    2.650845e+03
  79    5.776579e+02    5.639502e+03   -3.183067e+02    5.261941e+01    1.442301e+02    2.650845e+03    5.757641e+02    5.707326e+03   -3.304230e+02    5.254575e+01    1.481591e+02    2.650682e+03
  80    5.757641e+02    5.707326e+03   -3.304230e+02    5.254575e+01    1.481591e+02    2.650682e+03    5.732688e+02    5.771200e+03   -3.435774e+02    5.224707e+01    1.519230e+02    2.639085e+03
  81    5.732688e+02    5.771200e+03   -3.435774e+02    5.224707e+01    1.519230e+02    2.639085e+03    5.703634e+02    5.829887e+03   -3.575379e+02    5.184498e+01    1.557151e+02    2.621741e+03
  82    5.703634e+02    5.829887e+03   -3.575379e+02    5.184498e+01    1.557151e+02    2.621741e+03    5.669946e+02    5.881656e+03   -3.724182e+02    5.138165e+01    1.595870e+02    2.598608e+03
  83    5.669946e+02    5.881656e+03   -3.724182e+02    5.138165e+01    1.595870e+02    2.598608e+03    5.629560e+02    5.921217e+03   -3.882185e+02    5.086698e+01    1.635404e+02    2.568126e+03
  84    5.629560e+02    5.921217e+03   -3.882185e+02    5.086698e+01    1.635404e+02    2.568126e+03    5.581180e+02    5.945794e+03   -4.047622e+02    5.029379e+01    1.674428e+02    2.529016e+03
  85    5.581180e+02    5.945794e+03   -4.047622e+02    5.029379e+01    1.674428e+02    2.529016e+03    5.524364e+02    5.953946e+03   -4.208011e+02    4.972786e+01    1.707145e+02    2.480735e+03
  86    5.524364e+02    5.953946e+03   -4.208011e+02    4.972786e+01    1.707145e+02    2.480735e+03    5.459711e+02    5.946153e+03   -4.348136e+02    4.928888e+01    1.727533e+02    2.424321e+03
  87    5.459711e+02    5.946153e+03   -4.348136e+02    4.928888e+01    1.727533e+02    2.424321e+03    5.387891e+02    5.924302e+03   -4.465225e+02    4.900419e+01    1.735240e+02    2.361385e+03
  88    5.387891e+02    5.924302e+03   -4.465225e+02    4.900419e+01    1.735240e+02    2.361385e+03    5.309317e+02    5.890295e+03   -4.562691e+02    4.869604e+01    1.732576e+02    2.293368e+03
  89    5.309317e+02    5.890295e+03   -4.562691e+02    4.869604e+01    1.732576e+02    2.293368e+03    5.224365e+02    5.845732e+03   -4.643297e+02    4.809930e+01    1.721649e+02    2.221609e+03
  90    5.224365e+02    5.845732e+03   -4.643297e+02    4.809930e+01    1.721649e+02    2.221609e+03    5.133526e+02    5.791854e+03   -4.704454e+02    4.712205e+01    1.702308e+02    2.147204e+03
  91    5.133526e+02    5.791854e+03   -4.704454e+02    4.712205e+01    1.702308e+02    2.147204e+03    5.037573e+02    5.729961e+03   -4.743426e+02    4.557320e+01    1.674530e+02    2.071197e+03
  92    5.037573e+02    5.729961e+03   -4.743426e+02    4.557320e+01    1.674530e+02    2.071197e+03    4.937198e+02    5.661413e+03   -4.762017e+02    4.319349e+01    1.640012e+02    1.994542e+03
  93    4.937198e+02    5.661413e+03   -4.762017e+02    4.319349e+01    1.640012e+02    1.994542e+03    4.833019e+02    5.587509e+03   -4.762960e+02    4.007109e+01    1.600332e+02    1.918037e+03
  94    4.833019e+02    5.587509e+03   -4.762960e+02    4.007109e+01    1.600332e+02    1.918037e+03    4.725496e+02    5.509400e+03   -4.751552e+02    3.685400e+01    1.557290e+02    1.842321e+03
  95    4.725496e+02    5.509400e+03   -4.751552e+02    3.685400e+01    1.557290e+02    1.842321e+03    4.614803e+02    5.427794e+03   -4.733008e+02    3.409242e+01    1.512506e+02    1.767776e+03
  96    4.614803e+02    5.427794e+03   -4.733008e+02    3.409242e+01    1.512506e+02    1.767776e+03    4.500741e+02    5.342275e+03   -4.705889e+02    3.201542e+01    1.465398e+02    1.694186e+03
  97    4.500741e+02    5.342275e+03   -4.705889e+02    3.201542e+01    1.465398e+02    1.694186e+03    4.383396e+02    5.252963e+03   -4.669229e+02    3.096363e+01    1.415571e+02    1.621610e+03
  98    4.383396e+02    5.252963e+03   -4.669229e+02    3.096363e+01    1.415571e+02    1.621610e+03    4.262430e+02    5.159638e+03   -4.624980e+02    3.108738e+01    1.363619e+02    1.549907e+03
  99    4.262430e+02    5.159638e+03   -4.624980e+02    3.108738e+01    1.363619e+02    1.549907e+03    4.137581e+02    5.062184e+03   -4.573275e+02    3.211156e+01    1.309913e+02    1.479002e+03
 100    4.137581e+02    5.062184e+03   -4.573275e+02    3.211156e+01    1.309913e+02    1.479002e+03    4.008879e+02    4.961114e+03   -4.514354e+02    3.367368e+01    1.255078e+02    1.409189e+03
 101    4.008879e+02    4.961114e+03   -4.514354e+02    3.367368e+01    1.255078e+02    1.409189e+03    3.876389e+02    4.857272e+03   -4.449197e+02    3.554175e+01    1.199888e+02    1.340906e+03
 102    3.876389e+02    4.857272e+03   -4.449197e+02    3.554175e+01    1.199888e+02    1.340906e+03    3.739902e+02    4.750841e+03   -4.377456e+02    3.756599e+01    1.144462e+02    1.274175e+03
 103    3.739902e+02    4.750841e+03   -4.377456e+02    3.756599e+01    1.144462e+02    1.274175e+03    3.598647e+02    4.640637e+03   -4.295818e+02    3.958221e+01    1.087794e+02    1.208268e+03
 104    3.598647e+02    4.640637e+03   -4.295818e+02    3.958221e+01    1.087794e+02    1.208268e+03    3.451876e+02    4.525830e+03   -4.202118e+02    4.142981e+01    1.029372e+02    1.142703e+03
 105    3.451876e+02    4.525830e+03   -4.202118e+02    4.142981e+01    1.029372e+02    1.142703e+03    3.299754e+02    4.408661e+03   -4.099869e+02    4.302472e+01    9.708452e+01    1.078595e+03
 106    3.299754e+02    4.408661e+03   -4.099869e+02    4.302472e+01    9.708452e+01    1.078595e+03    3.142046e+02    4.291938e+03   -3.992239e+02    4.434068e+01    9.136834e+01    1.017172e+03
 107    3.142046e+02    4.291938e+03   -3.992239e+02    4.434068e+01    9.136834e+01    1.017172e+03    2.975171e+02    4.170362e+03   -3.875099e+02    4.520474e+01    8.557875e+01    9.557010e+02
 108    2.975171e+02    4.170362e+03   -3.875099e+02    4.520474e+01    8.557875e+01    9.557010e+02    2.794339e+02    4.033482e+03   -3.740162e+02    4.531492e+01    7.933978e+01    8.894749e+02
 109    2.794339e+02    4.033482e+03   -3.740162e+02    4.531492e+01    7.933978e+01    8.894749e+02    2.597534e+02    3.878031e+03   -3.585374e+02    4.453644e+01    7.261148e+01    8.176498e+02
 110    2.597534e+02    3.878031e+03   -3.585374e+02    4.453644e+01    7.261148e+01    8.176498e+02    2.384438e+02    3.715183e+03   -3.420731e+02    4.310115e+01    6.586318e+01    7.453698e+02
 111    2.384438e+02    3.715183e+03   -3.420731e+02    4.310115e+01    6.586318e+01    7.453698e+02    2.148891e+02    3.549089e+03   -3.250312e+02    4.106907e+01    5.921058e+01    6.736858e+02
 112    2.148891e+02    3.549089e+03   -3.250312e+02    4.106907e+01    5.921058e+01    6.736858e+02    1.884448e+02    3.350357e+03   -3.049104e+02    3.774138e+01    5.169383e+01    5.913377e+02
 113    1.884448e+02    3.350357e+03   -3.049104e+02    3.774138e+01    5.169383e+01    5.913377e+02    1.601814e+02    3.079339e+03   -2.783561e+02    3.245808e+01    4.251282e+01    4.889801e+02
 114    1.601814e+02    3.079339e+03   -2.783561e+02    3.245808e+01    4.251282e+01    4.889801e+02    1.314744e+02    2.728469e+03   -2.449370e+02    2.563882e+01    3.231065e+01    3.736858e+02
 115    1.314744e+02    2.728469e+03   -2.449370e+02    2.563882e+01    3.231065e+01    3.736858e+02    1.026529e+02    2.322602e+03   -2.070961e+02    1.838605e+01    2.245213e+01    2.609163e+02
 116    1.026529e+02    2.322602e+03   -2.070961e+02    1.838605e+01    2.245213e+01    2.609163e+02    7.317133e+01    1.891608e+03   -1.673804e+02    1.159934e+01    1.381882e+01    1.612408e+02
 117    7.317133e+01    1.891608e+03   -1.673804e+02    1.159934e+01    1.381882e+01    1.612408e+02    4.202910e+01    1.454389e+03   -1.273072e+02    5.550626e+00    6.493334e+00    7.601392e+01
 118    4.202910e+01    1.454389e+03   -1.273072e+02    5.550626e+00    6.493334e+00    7.601392e+01    8.815508e+00    9.861691e+02   -8.482048e+01   -5.230910e-01   -6.065460e-01   -7.106399e+00
 119    8.815508e+00    9.861691e+02   -8.482048e+01   -5.230910e-01   -6.065460e-01   -7.106399e+00    0.000000e+00    0.000000e+00    0.000000e+00    2.255508e-17   -2.448060e-17   -1.323755e-15
